[
   {
      "id":1,
      "cameraMatrix":[
         [
            1784.3009971031,
            0.0,
            752.5078625954
         ],
         [
            0.0,
            1788.4002123141,
            506.3309604432
         ],
         [
            0.0,
            0.0,
            1.0
         ]
      ],
      "distCoeffs":[
         [
            -0.497856742,
            0.3171834782,
            -0.0002285339,
            -0.0006269069,
            -0.1277368859
         ]
      ],
      "R":[
         [
            0.0329195213,
            -0.9498733347,
            -0.3108970138
         ],
         [
            0.9545123517,
            0.1221132244,
            -0.2720193576
         ],
         [
            0.2963485712,
            -0.2878002928,
            0.9106857394
         ]
      ],
      "T":[
         [
            390.9052870392
         ],
         [
            369.6005822531
         ],
         [
            125.7874299122
         ]
      ]
   },
   {
      "id":2,
      "cameraMatrix":[
         [
            1789.3107470239,
            0.0,
            731.9219668883
         ],
         [
            0.0,
            1793.2512790517,
            520.2876917182
         ],
         [
            0.0,
            0.0,
            1.0
         ]
      ],
      "distCoeffs":[
         [
            -0.4903251348,
            0.2510662959,
            -0.0010416993,
            0.0009289964,
            0.0195278892
         ]
      ],
      "R":[
         [
            -0.6878031124,
            -0.6910619733,
            -0.2221716175
         ],
         [
            0.690651214,
            -0.5287894925,
            -0.4933381936
         ],
         [
            0.2234452487,
            -0.4927626423,
            0.8409858496
         ]
      ],
      "T":[
         [
            272.1462063076
         ],
         [
            647.8261522066
         ],
         [
            211.0275178597
         ]
      ]
   },
   {
      "id":3,
      "cameraMatrix":[
         [
            1790.7406557987,
            0.0,
            711.7392143483
         ],
         [
            0.0,
            1793.837792662,
            539.1521884977
         ],
         [
            0.0,
            0.0,
            1.0
         ]
      ],
      "distCoeffs":[
         [
            -0.5041194929,
            0.3354804007,
            -0.0012077346,
            -0.0007521794,
            -0.1368193602
         ]
      ],
      "R":[
         [
            -0.7022079178,
            0.6742909902,
            0.2285513085
         ],
         [
            -0.6789083469,
            -0.537470286,
            -0.5002091044
         ],
         [
            -0.2144469552,
            -0.5064161848,
            0.8351976719
         ]
      ],
      "T":[
         [
            -294.700068712
         ],
         [
            641.0614300348
         ],
         [
            211.651040911
         ]
      ]
   },
   {
      "id":4,
      "cameraMatrix":[
         [
            1785.8765518791,
            0.0,
            730.0725522458
         ],
         [
            0.0,
            1789.5105114824,
            536.2171163101
         ],
         [
            0.0,
            0.0,
            1.0
         ]
      ],
      "distCoeffs":[
         [
            -0.5029821458,
            0.3695202623,
            0.0011067719,
            -0.0000251368,
            -0.262590993
         ]
      ],
      "R":[
         [
            0.7061330349,
            0.6763359441,
            0.2096326019
         ],
         [
            -0.672868284,
            0.7331352556,
            -0.0987976185
         ],
         [
            -0.2205094318,
            -0.0712908669,
            0.9727760291
         ]
      ],
      "T":[
         [
            -286.2978577143
         ],
         [
            103.7883287657
         ],
         [
            31.5781380302
         ]
      ]
   },
   {
      "id":5,
      "cameraMatrix":[
         [
            1783.6243153917,
            0.0,
            734.4007023079
         ],
         [
            0.0,
            1787.2812637803,
            522.1849599872
         ],
         [
            0.0,
            0.0,
            1.0
         ]
      ],
      "distCoeffs":[
         [
            -0.5306243302,
            0.5758281732,
            -0.0002265009,
            -0.000727272,
            -0.7754861142
         ]
      ],
      "R":[
         [
            0.999999984,
            -0.0001784654,
            0.0000117076
         ],
         [
            0.000178467,
            0.9999999744,
            -0.0001389633
         ],
         [
            -0.0000116828,
            0.0001389654,
            0.9999999903
         ]
      ],
      "T":[
         [
            0.0
         ],
         [
            0.0595471097
         ],
         [
            0.0664931517
         ]
      ]
   }
]