[
   {
      "id":1,
      "cameraMatrix":[
         [
            1784.1943751884,
            0.0,
            749.1850431451
         ],
         [
            0.0,
            1786.8492640336,
            522.7788190077
         ],
         [
            0.0,
            0.0,
            1.0
         ]
      ],
      "distCoeffs":[
         [
            -0.5042800881,
            0.380091547,
            -0.0014607175,
            -0.0000038022,
            -0.3020740131
         ]
      ],
      "R":[
         [
            1.0,
            0.0,
            0.0
         ],
         [
            0.0,
            1.0,
            0.0
         ],
         [
            0.0,
            0.0,
            1.0
         ]
      ],
      "T":[
         [
            0.0
         ],
         [
            0.0
         ],
         [
            0.0
         ]
      ]
   },
   {
      "id":2,
      "cameraMatrix":[
         [
            1787.3828833273,
            0.0,
            723.4080585835
         ],
         [
            0.0,
            1791.0547472289,
            528.4582727539
         ],
         [
            0.0,
            0.0,
            1.0
         ]
      ],
      "distCoeffs":[
         [
            -0.4971462921,
            0.3105223162,
            -0.0009786577,
            0.0012691788,
            -0.111570749
         ]
      ],
      "R":[
         [
            0.7207148803,
            -0.6493474861,
            -0.2427301044
         ],
         [
            0.6541906663,
            0.7529170942,
            -0.0717664364
         ],
         [
            0.229357,
            -0.1070686301,
            0.967435618
         ]
      ],
      "T":[
         [
            276.3626220919
         ],
         [
            112.5450509125
         ],
         [
            37.9579662088
         ]
      ]
   },
   {
      "id":3,
      "cameraMatrix":[
         [
            1788.9007117676,
            0.0,
            714.4210893043
         ],
         [
            0.0,
            1792.2197048837,
            536.7974727014
         ],
         [
            0.0,
            0.0,
            1.0
         ]
      ],
      "distCoeffs":[
         [
            -0.5044119506,
            0.3565730059,
            -0.0011525049,
            -0.0008786794,
            -0.2122055552
         ]
      ],
      "R":[
         [
            -0.7326140017,
            -0.6398843135,
            -0.2320017022
         ],
         [
            0.6400066764,
            -0.5316070125,
            -0.5547841368
         ],
         [
            0.2316639347,
            -0.5549252649,
            0.7989929735
         ]
      ],
      "T":[
         [
            259.5717838594
         ],
         [
            658.3374999458
         ],
         [
            221.9863922254
         ]
      ]
   },
   {
      "id":4,
      "cameraMatrix":[
         [
            1784.6771151521,
            0.0,
            722.8663116253
         ],
         [
            0.0,
            1788.4022003489,
            540.4530503755
         ],
         [
            0.0,
            0.0,
            1.0
         ]
      ],
      "distCoeffs":[
         [
            -0.5037680732,
            0.3648513388,
            0.0002271284,
            0.0000064117,
            -0.2548179117
         ]
      ],
      "R":[
         [
            -0.7020717828,
            0.6705257577,
            0.2397715995
         ],
         [
            -0.6609532114,
            -0.4882791392,
            -0.5698458866
         ],
         [
            -0.2650208747,
            -0.5585505263,
            0.7859931587
         ]
      ],
      "T":[
         [
            -289.789299222
         ],
         [
            629.197090405
         ],
         [
            229.1997899717
         ]
      ]
   },
   {
      "id":5,
      "cameraMatrix":[
         [
            1781.4254928885,
            0.0,
            719.9012153264
         ],
         [
            0.0,
            1785.1934851994,
            517.263685894
         ],
         [
            0.0,
            0.0,
            1.0
         ]
      ],
      "distCoeffs":[
         [
            -0.5171731954,
            0.4495772916,
            -0.0006108911,
            0.0003137723,
            -0.4310360298
         ]
      ],
      "R":[
         [
            0.0225082773,
            0.9308993462,
            0.364581657
         ],
         [
            -0.9349246126,
            0.1487747584,
            -0.3221522001
         ],
         [
            -0.3541318204,
            -0.3336052734,
            0.8736693741
         ]
      ],
      "T":[
         [
            -406.6232565002
         ],
         [
            356.6040323743
         ],
         [
            129.6539340547
         ]
      ]
   }
]