[
   {
      "id":1,
      "cameraMatrix":[
         [
            1783.378598454,
            0.0,
            747.9138100432
         ],
         [
            0.0,
            1786.639921084,
            523.1882159542
         ],
         [
            0.0,
            0.0,
            1.0
         ]
      ],
      "distCoeffs":[
         [
            -0.5035844598,
            0.3694695325,
            -0.0015015473,
            0.0002104409,
            -0.2593308263
         ]
      ],
      "R":[
         [
            1.0,
            0.0,
            0.0
         ],
         [
            0.0,
            1.0,
            0.0
         ],
         [
            0.0,
            0.0,
            1.0
         ]
      ],
      "T":[
         [
            0.0
         ],
         [
            0.0
         ],
         [
            0.0
         ]
      ]
   },
   {
      "id":2,
      "cameraMatrix":[
         [
            1789.2959292801,
            0.0,
            725.3838173437
         ],
         [
            0.0,
            1792.8809861952,
            526.9504598313
         ],
         [
            0.0,
            0.0,
            1.0
         ]
      ],
      "distCoeffs":[
         [
            -0.5005441007,
            0.3483983652,
            -0.0006512764,
            0.0010827127,
            -0.2219786988
         ]
      ],
      "R":[
         [
            0.7201729818,
            -0.6492349189,
            -0.2446321654
         ],
         [
            0.6545145972,
            0.7527230443,
            -0.0708425055
         ],
         [
            0.2301336966,
            -0.1090964648,
            0.9670245307
         ]
      ],
      "T":[
         [
            276.7321717567
         ],
         [
            112.0533688913
         ],
         [
            39.7422166819
         ]
      ]
   },
   {
      "id":3,
      "cameraMatrix":[
         [
            1789.0951866924,
            0.0,
            714.2234298208
         ],
         [
            0.0,
            1792.8286584964,
            536.7237245435
         ],
         [
            0.0,
            0.0,
            1.0
         ]
      ],
      "distCoeffs":[
         [
            -0.5051435206,
            0.3673181493,
            -0.0011853848,
            -0.0007923212,
            -0.2518100787
         ]
      ],
      "R":[
         [
            -0.7327358617,
            -0.6396839774,
            -0.2321692616
         ],
         [
            0.639975235,
            -0.531751014,
            -0.5546823935
         ],
         [
            0.2313651994,
            -0.5550182594,
            0.7990149412
         ]
      ],
      "T":[
         [
            259.3479502169
         ],
         [
            658.6552430891
         ],
         [
            222.830656581
         ]
      ]
   },
   {
      "id":4,
      "cameraMatrix":[
         [
            1785.0424574261,
            0.0,
            724.400441484
         ],
         [
            0.0,
            1789.3629722446,
            539.0693192351
         ],
         [
            0.0,
            0.0,
            1.0
         ]
      ],
      "distCoeffs":[
         [
            -0.5030034694,
            0.3620196639,
            0.00036571,
            -0.0000445767,
            -0.2524889494
         ]
      ],
      "R":[
         [
            -0.7018222372,
            0.6706179938,
            0.2402437383
         ],
         [
            -0.6616411083,
            -0.4887005728,
            -0.5686851449
         ],
         [
            -0.2639632384,
            -0.5580710139,
            0.7866893619
         ]
      ],
      "T":[
         [
            -290.0886109304
         ],
         [
            629.3207548304
         ],
         [
            229.0306215184
         ]
      ]
   },
   {
      "id":5,
      "cameraMatrix":[
         [
            1782.3493532907,
            0.0,
            720.9106477542
         ],
         [
            0.0,
            1785.7502652532,
            518.576946918
         ],
         [
            0.0,
            0.0,
            1.0
         ]
      ],
      "distCoeffs":[
         [
            -0.5214420731,
            0.4929546413,
            -0.000859219,
            0.000146698,
            -0.5582492761
         ]
      ],
      "R":[
         [
            0.022465702,
            0.9305118517,
            0.3655721353
         ],
         [
            -0.935347089,
            0.1486813362,
            -0.3209667948
         ],
         [
            -0.3530171601,
            -0.3347260882,
            0.8736917823
         ]
      ],
      "T":[
         [
            -406.6930583622
         ],
         [
            356.2659370168
         ],
         [
            130.7646751628
         ]
      ]
   }
]