[
   {
      "id":1,
      "cameraMatrix":[
         [
            1784.1943751884,
            0.0,
            749.1850431451
         ],
         [
            0.0,
            1786.8492640336,
            522.7788190077
         ],
         [
            0.0,
            0.0,
            1.0
         ]
      ],
      "distCoeffs":[
         [
            -0.5042800881,
            0.380091547,
            -0.0014607175,
            -0.0000038022,
            -0.3020740131
         ]
      ],
      "R":[
         [
            1.0,
            0.0,
            0.0
         ],
         [
            0.0,
            1.0,
            0.0
         ],
         [
            0.0,
            0.0,
            1.0
         ]
      ],
      "T":[
         [
            0.0
         ],
         [
            0.0
         ],
         [
            0.0
         ]
      ]
   },
   {
      "id":2,
      "cameraMatrix":[
         [
            1787.3828833273,
            0.0,
            723.4080585835
         ],
         [
            0.0,
            1791.0547472289,
            528.4582727539
         ],
         [
            0.0,
            0.0,
            1.0
         ]
      ],
      "distCoeffs":[
         [
            -0.4971462921,
            0.3105223162,
            -0.0009786577,
            0.0012691788,
            -0.111570749
         ]
      ],
      "R":[
         [
            0.7206398855,
            -0.649569067,
            -0.2423596143
         ],
         [
            0.6545024279,
            0.7526955319,
            -0.0712461099
         ],
         [
            0.2287022679,
            -0.1072821675,
            0.9675669533
         ]
      ],
      "T":[
         [
            277.0298384664
         ],
         [
            112.3945276398
         ],
         [
            38.0983351082
         ]
      ]
   },
   {
      "id":3,
      "cameraMatrix":[
         [
            1788.9007117676,
            0.0,
            714.4210893043
         ],
         [
            0.0,
            1792.2197048837,
            536.7974727014
         ],
         [
            0.0,
            0.0,
            1.0
         ]
      ],
      "distCoeffs":[
         [
            -0.5044119506,
            0.3565730059,
            -0.0011525049,
            -0.0008786794,
            -0.2122055552
         ]
      ],
      "R":[
         [
            -0.7324732152,
            -0.6403952471,
            -0.2310344486
         ],
         [
            0.6400327711,
            -0.532086863,
            -0.5542938049
         ],
         [
            0.2320367232,
            -0.5538749838,
            0.79961332
         ]
      ],
      "T":[
         [
            258.6443678552
         ],
         [
            660.0086896093
         ],
         [
            222.5295239558
         ]
      ]
   },
   {
      "id":4,
      "cameraMatrix":[
         [
            1784.6771151521,
            0.0,
            722.8663116253
         ],
         [
            0.0,
            1788.4022003489,
            540.4530503755
         ],
         [
            0.0,
            0.0,
            1.0
         ]
      ],
      "distCoeffs":[
         [
            -0.5037680732,
            0.3648513388,
            0.0002271284,
            0.0000064117,
            -0.2548179117
         ]
      ],
      "R":[
         [
            -0.7022983673,
            0.6706035383,
            0.2388888813
         ],
         [
            -0.6610067341,
            -0.4897128916,
            -0.5685520041
         ],
         [
            -0.2642860208,
            -0.5572003034,
            0.787198019
         ]
      ],
      "T":[
         [
            -289.5700259773
         ],
         [
            629.9381586435
         ],
         [
            228.3227338926
         ]
      ]
   },
   {
      "id":5,
      "cameraMatrix":[
         [
            1781.4254928885,
            0.0,
            719.9012153264
         ],
         [
            0.0,
            1785.1934851994,
            517.263685894
         ],
         [
            0.0,
            0.0,
            1.0
         ]
      ],
      "distCoeffs":[
         [
            -0.5171731954,
            0.4495772916,
            -0.0006108911,
            0.0003137723,
            -0.4310360298
         ]
      ],
      "R":[
         [
            0.0219252346,
            0.9313755605,
            0.3633990222
         ],
         [
            -0.9352236938,
            0.1475859782,
            -0.3218307345
         ],
         [
            -0.3533778809,
            -0.3328031615,
            0.8742803492
         ]
      ],
      "T":[
         [
            -406.829172144
         ],
         [
            357.3209427441
         ],
         [
            129.1320180386
         ]
      ]
   }
]