[
   {
      "id":1,
      "cameraMatrix":[
         [
            1782.7518547774,
            0.0,
            737.9863701966
         ],
         [
            0.0,
            1782.6909078303,
            528.086041708
         ],
         [
            0.0,
            0.0,
            1.0
         ]
      ],
      "distCoeffs":[
         [
            -0.4979621088,
            0.3267043116,
            -0.0013085126,
            0.0009375578,
            -0.1150486383
         ]
      ],
      "R":[
         [
            1.0,
            0.0,
            0.0
         ],
         [
            0.0,
            1.0,
            0.0
         ],
         [
            0.0,
            0.0,
            1.0
         ]
      ],
      "T":[
         [
            0.0
         ],
         [
            0.0
         ],
         [
            0.0
         ]
      ]
   },
   {
      "id":2,
      "cameraMatrix":[
         [
            1777.3688529416,
            0.0,
            714.4515726418
         ],
         [
            0.0,
            1779.2508236921,
            511.6027547758
         ],
         [
            0.0,
            0.0,
            1.0
         ]
      ],
      "distCoeffs":[
         [
            -0.4726283339,
            0.0063173507,
            0.0006808464,
            0.0017117117,
            0.9944010007
         ]
      ],
      "R":[
         [
            0.7202744134,
            -0.6500153861,
            -0.2422493905
         ],
         [
            0.6567720057,
            0.7514137857,
            -0.0634653853
         ],
         [
            0.2232830085,
            -0.1133901249,
            0.9681360326
         ]
      ],
      "T":[
         [
            275.2675047021
         ],
         [
            112.3757777708
         ],
         [
            31.0106227779
         ]
      ]
   },
   {
      "id":3,
      "cameraMatrix":[
         [
            1781.8909946439,
            0.0,
            713.8417565387
         ],
         [
            0.0,
            1782.2348560036,
            521.0760913765
         ],
         [
            0.0,
            0.0,
            1.0
         ]
      ],
      "distCoeffs":[
         [
            -0.5079084788,
            0.4749722049,
            0.0002238156,
            -0.0005801351,
            -0.7313700192
         ]
      ],
      "R":[
         [
            -0.7348424099,
            -0.6386958972,
            -0.2281976853
         ],
         [
            0.6386954737,
            -0.5384518254,
            -0.5496705592
         ],
         [
            0.2281988707,
            -0.5496700671,
            0.8036094156
         ]
      ],
      "T":[
         [
            258.4324354811
         ],
         [
            657.7544231709
         ],
         [
            210.7401187125
         ]
      ]
   },
   {
      "id":4,
      "cameraMatrix":[
         [
            1780.4190449643,
            0.0,
            729.4617556745
         ],
         [
            0.0,
            1782.4924800001,
            534.0911074333
         ],
         [
            0.0,
            0.0,
            1.0
         ]
      ],
      "distCoeffs":[
         [
            -0.5223490497,
            0.734214772,
            0.0013058704,
            0.0000123161,
            -2.0112425939
         ]
      ],
      "R":[
         [
            -0.6989618826,
            0.6733052896,
            0.2410648743
         ],
         [
            -0.6665453839,
            -0.4911681733,
            -0.5607772078
         ],
         [
            -0.2591708664,
            -0.5526425721,
            0.7920963638
         ]
      ],
      "T":[
         [
            -288.8265416339
         ],
         [
            627.1217848437
         ],
         [
            221.3258295189
         ]
      ]
   },
   {
      "id":5,
      "cameraMatrix":[
         [
            1782.225199201,
            0.0,
            728.0262567451
         ],
         [
            0.0,
            1783.856286758,
            507.7339036546
         ],
         [
            0.0,
            0.0,
            1.0
         ]
      ],
      "distCoeffs":[
         [
            -0.5020715946,
            0.2739504955,
            0.0011745098,
            -0.0004387048,
            0.0124495112
         ]
      ],
      "R":[
         [
            0.0270347821,
            0.9324193923,
            0.3603653665
         ],
         [
            -0.9391582106,
            0.1471776954,
            -0.3103555726
         ],
         [
            -0.3424192986,
            -0.3300496975,
            0.8796682449
         ]
      ],
      "T":[
         [
            -404.7651789457
         ],
         [
            356.7351841192
         ],
         [
            126.2030926787
         ]
      ]
   }
]