[
   {
      "id":1,
      "cameraMatrix":[
         [
            1783.378598454,
            0.0,
            747.9138100432
         ],
         [
            0.0,
            1786.639921084,
            523.1882159542
         ],
         [
            0.0,
            0.0,
            1.0
         ]
      ],
      "distCoeffs":[
         [
            -0.5035844598,
            0.3694695325,
            -0.0015015473,
            0.0002104409,
            -0.2593308263
         ]
      ],
      "R":[
         [
            1.0,
            0.0,
            0.0
         ],
         [
            0.0,
            1.0,
            0.0
         ],
         [
            0.0,
            0.0,
            1.0
         ]
      ],
      "T":[
         [
            0.0
         ],
         [
            0.0
         ],
         [
            0.0
         ]
      ]
   },
   {
      "id":2,
      "cameraMatrix":[
         [
            1789.2959292801,
            0.0,
            725.3838173437
         ],
         [
            0.0,
            1792.8809861952,
            526.9504598313
         ],
         [
            0.0,
            0.0,
            1.0
         ]
      ],
      "distCoeffs":[
         [
            -0.5005441007,
            0.3483983652,
            -0.0006512764,
            0.0010827127,
            -0.2219786988
         ]
      ],
      "R":[
         [
            0.7202485348,
            -0.6491283262,
            -0.2446925911
         ],
         [
            0.6543172747,
            0.7528577211,
            -0.0712331088
         ],
         [
            0.2304581353,
            -0.1088010471,
            0.9669805479
         ]
      ],
      "T":[
         [
            276.4695827062
         ],
         [
            112.5316598024
         ],
         [
            39.4777947306
         ]
      ]
   },
   {
      "id":3,
      "cameraMatrix":[
         [
            1789.0951866924,
            0.0,
            714.2234298208
         ],
         [
            0.0,
            1792.8286584964,
            536.7237245435
         ],
         [
            0.0,
            0.0,
            1.0
         ]
      ],
      "distCoeffs":[
         [
            -0.5051435206,
            0.3673181493,
            -0.0011853848,
            -0.0007923212,
            -0.2518100787
         ]
      ],
      "R":[
         [
            -0.7327588052,
            -0.6398058545,
            -0.2317606565
         ],
         [
            0.6395865459,
            -0.5312434754,
            -0.5556162526
         ],
         [
            0.2323651946,
            -0.5553636992,
            0.7984845509
         ]
      ],
      "T":[
         [
            259.7313375603
         ],
         [
            658.4465633753
         ],
         [
            222.6154381802
         ]
      ]
   },
   {
      "id":4,
      "cameraMatrix":[
         [
            1785.0424574261,
            0.0,
            724.400441484
         ],
         [
            0.0,
            1789.3629722446,
            539.0693192351
         ],
         [
            0.0,
            0.0,
            1.0
         ]
      ],
      "distCoeffs":[
         [
            -0.5030034694,
            0.3620196639,
            0.00036571,
            -0.0000445767,
            -0.2524889494
         ]
      ],
      "R":[
         [
            -0.7016278083,
            0.6708903176,
            0.2400512454
         ],
         [
            -0.6615750332,
            -0.4882335533,
            -0.569162958
         ],
         [
            -0.2646448452,
            -0.5581524694,
            0.7864025221
         ]
      ],
      "T":[
         [
            -290.2258422019
         ],
         [
            629.464186481
         ],
         [
            229.40969604
         ]
      ]
   },
   {
      "id":5,
      "cameraMatrix":[
         [
            1782.3493532907,
            0.0,
            720.9106477542
         ],
         [
            0.0,
            1785.7502652532,
            518.576946918
         ],
         [
            0.0,
            0.0,
            1.0
         ]
      ],
      "distCoeffs":[
         [
            -0.5214420731,
            0.4929546413,
            -0.000859219,
            0.000146698,
            -0.5582492761
         ]
      ],
      "R":[
         [
            0.0230464492,
            0.930941114,
            0.3644413581
         ],
         [
            -0.9349272879,
            0.149183088,
            -0.3219555445
         ],
         [
            -0.3540901404,
            -0.3333062384,
            0.8738003913
         ]
      ],
      "T":[
         [
            -406.7339217821
         ],
         [
            356.2789156662
         ],
         [
            130.3200377268
         ]
      ]
   }
]