[
   {
      "id":1,
      "cameraMatrix":[
         [
            1780.8170501035,
            0.0,
            756.9968110066
         ],
         [
            0.0,
            1780.9022106348,
            497.5536079751
         ],
         [
            0.0,
            0.0,
            1.0
         ]
      ],
      "distCoeffs":[
         [
            -0.4868095492,
            0.2122365803,
            0.0006523955,
            -0.0007623449,
            0.1684560453
         ]
      ],
      "R":[
         [
            1.0,
            0.0,
            0.0
         ],
         [
            0.0,
            1.0,
            0.0
         ],
         [
            0.0,
            0.0,
            1.0
         ]
      ],
      "T":[
         [
            0.0
         ],
         [
            0.0
         ],
         [
            0.0
         ]
      ]
   },
   {
      "id":2,
      "cameraMatrix":[
         [
            1786.182909563,
            0.0,
            740.5586650323
         ],
         [
            0.0,
            1789.0950914725,
            519.7224682179
         ],
         [
            0.0,
            0.0,
            1.0
         ]
      ],
      "distCoeffs":[
         [
            -0.4885908943,
            0.2554215606,
            0.0006626892,
            -0.0001732799,
            -0.0025990414
         ]
      ],
      "R":[
         [
            0.7229070868,
            -0.6587529977,
            -0.2084462324
         ],
         [
            0.6635217217,
            0.7460201157,
            -0.0565058554
         ],
         [
            0.1927284841,
            -0.0974601197,
            0.9764001518
         ]
      ],
      "T":[
         [
            274.9719721757
         ],
         [
            112.7767393008
         ],
         [
            36.0099311816
         ]
      ]
   },
   {
      "id":3,
      "cameraMatrix":[
         [
            1787.9337401998,
            0.0,
            723.2940072615
         ],
         [
            0.0,
            1784.2757824816,
            528.2967039795
         ],
         [
            0.0,
            0.0,
            1.0
         ]
      ],
      "distCoeffs":[
         [
            -0.4919396621,
            0.2683770063,
            0.0002668211,
            -0.0015738766,
            -0.0668154695
         ]
      ],
      "R":[
         [
            -0.7300856033,
            -0.6538009567,
            -0.1987946703
         ],
         [
            0.6485415957,
            -0.5712543433,
            -0.5030529533
         ],
         [
            0.2153341833,
            -0.4961983316,
            0.8410816876
         ]
      ],
      "T":[
         [
            257.7600350559
         ],
         [
            660.1383964695
         ],
         [
            210.2176415136
         ]
      ]
   },
   {
      "id":4,
      "cameraMatrix":[
         [
            1781.4224686489,
            0.0,
            727.3297461128
         ],
         [
            0.0,
            1782.867873094,
            535.5840183825
         ],
         [
            0.0,
            0.0,
            1.0
         ]
      ],
      "distCoeffs":[
         [
            -0.4964419817,
            0.3293606492,
            0.0019985375,
            0.0010117526,
            -0.1552390433
         ]
      ],
      "R":[
         [
            -0.7067833337,
            0.6805675874,
            0.1930934444
         ],
         [
            -0.6660846928,
            -0.5482607942,
            -0.5057086944
         ],
         [
            -0.2383033809,
            -0.4860430645,
            0.8408172442
         ]
      ],
      "T":[
         [
            -288.4315138721
         ],
         [
            639.0966406595
         ],
         [
            196.9754854513
         ]
      ]
   },
   {
      "id":5,
      "cameraMatrix":[
         [
            1779.8308200312,
            0.0,
            723.6638546525
         ],
         [
            0.0,
            1779.3524479574,
            515.8673174274
         ],
         [
            0.0,
            0.0,
            1.0
         ]
      ],
      "distCoeffs":[
         [
            -0.5113154888,
            0.4414234753,
            0.0009509089,
            0.0003895798,
            -0.4888313175
         ]
      ],
      "R":[
         [
            0.0184069844,
            0.9498352554,
            0.3122085369
         ],
         [
            -0.9410766823,
            0.1219250344,
            -0.3154504146
         ],
         [
            -0.3376919617,
            -0.2880056832,
            0.8961120831
         ]
      ],
      "T":[
         [
            -406.3721313592
         ],
         [
            357.0083788276
         ],
         [
            121.5666374188
         ]
      ]
   }
]