[
   {
      "id":1,
      "cameraMatrix":[
         [
            1784.3104180608,
            0.0,
            752.6541916316
         ],
         [
            0.0,
            1788.3321026413,
            506.6714629795
         ],
         [
            0.0,
            0.0,
            1.0
         ]
      ],
      "distCoeffs":[
         [
            -0.4983832806,
            0.3223067371,
            -0.0002294731,
            -0.0005988887,
            -0.1419079877
         ]
      ],
      "R":[
         [
            1.0,
            0.0,
            0.0
         ],
         [
            0.0,
            1.0,
            0.0
         ],
         [
            0.0,
            0.0,
            1.0
         ]
      ],
      "T":[
         [
            0.0
         ],
         [
            0.0
         ],
         [
            0.0
         ]
      ]
   },
   {
      "id":2,
      "cameraMatrix":[
         [
            1789.3690903898,
            0.0,
            732.4017921031
         ],
         [
            0.0,
            1793.3348360139,
            520.8632493847
         ],
         [
            0.0,
            0.0,
            1.0
         ]
      ],
      "distCoeffs":[
         [
            -0.4906822253,
            0.2553959006,
            -0.0010555717,
            0.0009518173,
            0.0040508534
         ]
      ],
      "R":[
         [
            0.7069952075,
            -0.6758586592,
            -0.2082614929
         ],
         [
            0.6754645358,
            0.7325583625,
            -0.0842965387
         ],
         [
            0.2095362438,
            -0.0810760038,
            0.974433807
         ]
      ],
      "T":[
         [
            275.0345317492
         ],
         [
            113.7688520057
         ],
         [
            35.7885010859
         ]
      ]
   },
   {
      "id":3,
      "cameraMatrix":[
         [
            1790.7589964867,
            0.0,
            712.5927210226
         ],
         [
            0.0,
            1793.7064572534,
            539.4137416149
         ],
         [
            0.0,
            0.0,
            1.0
         ]
      ],
      "distCoeffs":[
         [
            -0.5047391601,
            0.3419558987,
            -0.0012144164,
            -0.0007496474,
            -0.1539392331
         ]
      ],
      "R":[
         [
            -0.732974008,
            -0.6501302154,
            -0.2001994173
         ],
         [
            0.6471166148,
            -0.5756478284,
            -0.4998696476
         ],
         [
            0.2097360019,
            -0.4959438282,
            0.8426449601
         ]
      ],
      "T":[
         [
            264.4524353842
         ],
         [
            661.9617681404
         ],
         [
            206.8243985918
         ]
      ]
   },
   {
      "id":4,
      "cameraMatrix":[
         [
            1786.0575817881,
            0.0,
            730.4544418472
         ],
         [
            0.0,
            1789.414978501,
            537.2437009771
         ],
         [
            0.0,
            0.0,
            1.0
         ]
      ],
      "distCoeffs":[
         [
            -0.504290465,
            0.3803126032,
            0.0010083858,
            -0.0000040193,
            -0.2918297257
         ]
      ],
      "R":[
         [
            -0.6853923593,
            0.6990943723,
            0.2037262192
         ],
         [
            -0.6860472542,
            -0.5261722348,
            -0.5024758147
         ],
         [
            -0.2440829342,
            -0.4841588974,
            0.840246204
         ]
      ],
      "T":[
         [
            -300.0946826152
         ],
         [
            632.3040681555
         ],
         [
            201.3986578346
         ]
      ]
   },
   {
      "id":5,
      "cameraMatrix":[
         [
            1783.4677995946,
            0.0,
            734.8989204198
         ],
         [
            0.0,
            1787.2634925141,
            522.5641270222
         ],
         [
            0.0,
            0.0,
            1.0
         ]
      ],
      "distCoeffs":[
         [
            -0.5301029736,
            0.5715831056,
            -0.000243468,
            -0.000702272,
            -0.7693657753
         ]
      ],
      "R":[
         [
            0.0302114226,
            0.9528488317,
            0.3019376985
         ],
         [
            -0.9492864971,
            0.1219320011,
            -0.2898063727
         ],
         [
            -0.3129575314,
            -0.2778699173,
            0.9082102689
         ]
      ],
      "T":[
         [
            -409.1400293283
         ],
         [
            364.8788660471
         ],
         [
            112.0796188599
         ]
      ]
   }
]