[
   {
      "id":1,
      "cameraMatrix":[
         [
            1784.2305918595,
            0.0,
            745.4896781856
         ],
         [
            0.0,
            1784.593892197,
            501.9065319428
         ],
         [
            0.0,
            0.0,
            1.0
         ]
      ],
      "distCoeffs":[
         [
            -0.4796859397,
            0.0814886856,
            0.0003206756,
            0.0007553043,
            0.5814357222
         ]
      ],
      "R":[
         [
            1.0,
            0.0,
            0.0
         ],
         [
            0.0,
            1.0,
            0.0
         ],
         [
            0.0,
            0.0,
            1.0
         ]
      ],
      "T":[
         [
            0.0
         ],
         [
            0.0
         ],
         [
            0.0
         ]
      ]
   },
   {
      "id":2,
      "cameraMatrix":[
         [
            1787.7447101094,
            0.0,
            731.5899176277
         ],
         [
            0.0,
            1788.6416961067,
            521.4223333285
         ],
         [
            0.0,
            0.0,
            1.0
         ]
      ],
      "distCoeffs":[
         [
            -0.4977064034,
            0.3476065175,
            0.0012441256,
            0.0013142077,
            -0.4073890021
         ]
      ],
      "R":[
         [
            0.7209075996,
            -0.6695866407,
            -0.1787343376
         ],
         [
            0.6665824047,
            0.7405069366,
            -0.0855416537
         ],
         [
            0.1896315654,
            -0.0574735363,
            0.9801717513
         ]
      ],
      "T":[
         [
            278.1383129142
         ],
         [
            112.6063061384
         ],
         [
            30.9053936085
         ]
      ]
   },
   {
      "id":3,
      "cameraMatrix":[
         [
            1788.6598306929,
            0.0,
            717.9547702348
         ],
         [
            0.0,
            1789.3569623267,
            522.9810695379
         ],
         [
            0.0,
            0.0,
            1.0
         ]
      ],
      "distCoeffs":[
         [
            -0.4948642319,
            0.2478130934,
            0.0009320661,
            -0.0008948494,
            0.1526051338
         ]
      ],
      "R":[
         [
            -0.7328065115,
            -0.6598332155,
            -0.1661768468
         ],
         [
            0.6495471209,
            -0.6056079435,
            -0.4597037704
         ],
         [
            0.2026897986,
            -0.4448136087,
            0.8723862098
         ]
      ],
      "T":[
         [
            261.4933290036
         ],
         [
            671.5234506056
         ],
         [
            193.6094665697
         ]
      ]
   },
   {
      "id":4,
      "cameraMatrix":[
         [
            1784.1068754112,
            0.0,
            734.5723491622
         ],
         [
            0.0,
            1784.8268988317,
            536.7225616484
         ],
         [
            0.0,
            0.0,
            1.0
         ]
      ],
      "distCoeffs":[
         [
            -0.4995837531,
            0.3672263344,
            0.0016995747,
            -0.0004117264,
            -0.3350700761
         ]
      ],
      "R":[
         [
            -0.7013557112,
            0.6934993664,
            0.1647992572
         ],
         [
            -0.6715933934,
            -0.5654186207,
            -0.4788153061
         ],
         [
            -0.2388775427,
            -0.4464979419,
            0.8623091716
         ]
      ],
      "T":[
         [
            -293.5312671215
         ],
         [
            645.6351716572
         ],
         [
            196.3280071757
         ]
      ]
   },
   {
      "id":5,
      "cameraMatrix":[
         [
            1782.7653268515,
            0.0,
            735.1150320876
         ],
         [
            0.0,
            1786.7433815646,
            521.118791254
         ],
         [
            0.0,
            0.0,
            1.0
         ]
      ],
      "distCoeffs":[
         [
            -0.5274305786,
            0.5494577645,
            -0.0000160514,
            -0.0004583489,
            -0.7233349077
         ]
      ],
      "R":[
         [
            0.0259496237,
            0.9639145722,
            0.2649439836
         ],
         [
            -0.9572131904,
            0.100372157,
            -0.2714191193
         ],
         [
            -0.2882178434,
            -0.2465646518,
            0.9252763626
         ]
      ],
      "T":[
         [
            -412.0284849235
         ],
         [
            367.9581162379
         ],
         [
            102.474022312
         ]
      ]
   }
]