[
   {
      "id":1,
      "cameraMatrix":[
         [
            1787.3057358869,
            0.0,
            752.1049455818
         ],
         [
            0.0,
            1790.6841368447,
            505.7615130612
         ],
         [
            0.0,
            0.0,
            1.0
         ]
      ],
      "distCoeffs":[
         [
            -0.4983724067,
            0.3078367611,
            -0.000832697,
            -0.0004202821,
            -0.1139877667
         ]
      ],
      "R":[
         [
            1.0,
            0.0,
            0.0
         ],
         [
            0.0,
            1.0,
            0.0
         ],
         [
            0.0,
            0.0,
            1.0
         ]
      ],
      "T":[
         [
            0.0
         ],
         [
            0.0
         ],
         [
            0.0
         ]
      ]
   },
   {
      "id":2,
      "cameraMatrix":[
         [
            1789.4089086107,
            0.0,
            739.6177534817
         ],
         [
            0.0,
            1793.1131798419,
            529.9318800628
         ],
         [
            0.0,
            0.0,
            1.0
         ]
      ],
      "distCoeffs":[
         [
            -0.4976148411,
            0.3324535119,
            -0.0004823275,
            0.0001633858,
            -0.1855335132
         ]
      ],
      "R":[
         [
            0.7217304652,
            -0.6675183728,
            -0.1830965799
         ],
         [
            0.6647651892,
            0.7421619409,
            -0.0853398895
         ],
         [
            0.1928532573,
            -0.0601238344,
            0.9793838602
         ]
      ],
      "T":[
         [
            280.1454046886
         ],
         [
            111.1065202103
         ],
         [
            33.0911545376
         ]
      ]
   },
   {
      "id":3,
      "cameraMatrix":[
         [
            1790.4752978203,
            0.0,
            727.73571928
         ],
         [
            0.0,
            1794.1507394481,
            530.6115285355
         ],
         [
            0.0,
            0.0,
            1.0
         ]
      ],
      "distCoeffs":[
         [
            -0.5043691106,
            0.359909484,
            -0.0003597197,
            -0.0017902574,
            -0.2438152239
         ]
      ],
      "R":[
         [
            -0.7330124724,
            -0.6571148997,
            -0.1757632609
         ],
         [
            0.6505347502,
            -0.6017260356,
            -0.4633900267
         ],
         [
            0.1987391607,
            -0.4540107782,
            0.8685487662
         ]
      ],
      "T":[
         [
            261.4697392932
         ],
         [
            672.6120482639
         ],
         [
            199.1636885952
         ]
      ]
   },
   {
      "id":4,
      "cameraMatrix":[
         [
            1785.0518209624,
            0.0,
            732.3867978362
         ],
         [
            0.0,
            1788.5863236904,
            534.313757326
         ],
         [
            0.0,
            0.0,
            1.0
         ]
      ],
      "distCoeffs":[
         [
            -0.5020705321,
            0.3716152641,
            0.0011641368,
            -0.0004993297,
            -0.3014274184
         ]
      ],
      "R":[
         [
            -0.7022786551,
            0.6923878323,
            0.1655408721
         ],
         [
            -0.6701256168,
            -0.5644605161,
            -0.481991684
         ],
         [
            -0.2402838911,
            -0.4494256506,
            0.8603953953
         ]
      ],
      "T":[
         [
            -293.8086481516
         ],
         [
            647.4982119181
         ],
         [
            196.4579561005
         ]
      ]
   },
   {
      "id":5,
      "cameraMatrix":[
         [
            1786.4607392536,
            0.0,
            729.501288801
         ],
         [
            0.0,
            1789.9539317321,
            521.1976680549
         ],
         [
            0.0,
            0.0,
            1.0
         ]
      ],
      "distCoeffs":[
         [
            -0.5246334351,
            0.5246824316,
            -0.000384169,
            -0.0003337802,
            -0.645833148
         ]
      ],
      "R":[
         [
            0.0246561532,
            0.9629675222,
            0.2684876632
         ],
         [
            -0.9560555129,
            0.1011991123,
            -0.2751664877
         ],
         [
            -0.2921471041,
            -0.2499045634,
            0.9231455892
         ]
      ],
      "T":[
         [
            -413.2364871563
         ],
         [
            368.6627057023
         ],
         [
            103.3939784101
         ]
      ]
   }
]