[
   {
      "id":1,
      "cameraMatrix":[
         [
            1784.3251605162,
            0.0,
            746.9415777379
         ],
         [
            0.0,
            1787.9681100217,
            507.0940576305
         ],
         [
            0.0,
            0.0,
            1.0
         ]
      ],
      "distCoeffs":[
         [
            -0.4989883755,
            0.3128337302,
            -0.0014536308,
            -0.0000051148,
            -0.0940136041
         ]
      ],
      "R":[
         [
            1.0,
            0.0,
            0.0
         ],
         [
            0.0,
            1.0,
            0.0
         ],
         [
            0.0,
            0.0,
            1.0
         ]
      ],
      "T":[
         [
            0.0
         ],
         [
            0.0
         ],
         [
            0.0
         ]
      ]
   },
   {
      "id":2,
      "cameraMatrix":[
         [
            1788.8869785479,
            0.0,
            727.2899128942
         ],
         [
            0.0,
            1792.9426259777,
            530.9688244861
         ],
         [
            0.0,
            0.0,
            1.0
         ]
      ],
      "distCoeffs":[
         [
            -0.4951929651,
            0.2862109539,
            -0.0009652979,
            0.0008191928,
            -0.0435963627
         ]
      ],
      "R":[
         [
            0.7213764123,
            -0.668888447,
            -0.1794556135
         ],
         [
            0.6653633767,
            0.7412746555,
            -0.0883372065
         ],
         [
            0.192113635,
            -0.0556788159,
            0.9797919273
         ]
      ],
      "T":[
         [
            279.2973361184
         ],
         [
            112.6873582747
         ],
         [
            32.2754796079
         ]
      ]
   },
   {
      "id":3,
      "cameraMatrix":[
         [
            1790.1246280851,
            0.0,
            718.3359125194
         ],
         [
            0.0,
            1793.5299844688,
            532.3270522435
         ],
         [
            0.0,
            0.0,
            1.0
         ]
      ],
      "distCoeffs":[
         [
            -0.5059052974,
            0.3684068644,
            -0.0007659554,
            -0.001047991,
            -0.2451920956
         ]
      ],
      "R":[
         [
            -0.7325673881,
            -0.6593400289,
            -0.1691618994
         ],
         [
            0.6487053933,
            -0.6009504961,
            -0.4669473353
         ],
         [
            0.2062191422,
            -0.4518066263,
            0.867954168
         ]
      ],
      "T":[
         [
            262.1122418132
         ],
         [
            671.6168054471
         ],
         [
            198.5724596056
         ]
      ]
   },
   {
      "id":4,
      "cameraMatrix":[
         [
            1784.7308074134,
            0.0,
            719.1994656616
         ],
         [
            0.0,
            1788.9213358573,
            538.3282992342
         ],
         [
            0.0,
            0.0,
            1.0
         ]
      ],
      "distCoeffs":[
         [
            -0.5027450193,
            0.3608336549,
            0.0005105622,
            0.0003624758,
            -0.2450854
         ]
      ],
      "R":[
         [
            -0.7039812811,
            0.6885749238,
            0.173996926
         ],
         [
            -0.6707266227,
            -0.5640192445,
            -0.4816721805
         ],
         [
            -0.2335297702,
            -0.4557925692,
            0.8589045234
         ]
      ],
      "T":[
         [
            -291.6040459183
         ],
         [
            645.4247708869
         ],
         [
            199.9967413312
         ]
      ]
   },
   {
      "id":5,
      "cameraMatrix":[
         [
            1782.8542134146,
            0.0,
            724.3141980612
         ],
         [
            0.0,
            1786.6771201155,
            525.5920401468
         ],
         [
            0.0,
            0.0,
            1.0
         ]
      ],
      "distCoeffs":[
         [
            -0.5256518757,
            0.5299405128,
            -0.0010840094,
            0.0000136899,
            -0.6475777746
         ]
      ],
      "R":[
         [
            0.0236087266,
            0.9614604715,
            0.2739277089
         ],
         [
            -0.9564882425,
            0.1014297782,
            -0.2735731018
         ],
         [
            -0.2908141502,
            -0.2555499203,
            0.9220202646
         ]
      ],
      "T":[
         [
            -411.6505679603
         ],
         [
            367.2583927868
         ],
         [
            105.4079803034
         ]
      ]
   }
]