[
   {
      "id":1,
      "cameraMatrix":[
         [
            1785.5423399349,
            0.0,
            750.4762306262
         ],
         [
            0.0,
            1788.9962516616,
            501.6039664578
         ],
         [
            0.0,
            0.0,
            1.0
         ]
      ],
      "distCoeffs":[
         [
            -0.4964040805,
            0.3114300677,
            -0.0004015261,
            -0.0002610052,
            -0.1237157445
         ]
      ],
      "R":[
         [
            1.0,
            0.0,
            0.0
         ],
         [
            0.0,
            1.0,
            0.0
         ],
         [
            0.0,
            0.0,
            1.0
         ]
      ],
      "T":[
         [
            0.0
         ],
         [
            0.0
         ],
         [
            0.0
         ]
      ]
   },
   {
      "id":2,
      "cameraMatrix":[
         [
            1791.2664733044,
            0.0,
            738.4149762553
         ],
         [
            0.0,
            1795.5214404987,
            522.4553408972
         ],
         [
            0.0,
            0.0,
            1.0
         ]
      ],
      "distCoeffs":[
         [
            -0.4980294166,
            0.3237877295,
            0.0003109995,
            0.0003117983,
            -0.1687506835
         ]
      ],
      "R":[
         [
            0.7231689017,
            -0.6472769399,
            -0.2409549805
         ],
         [
            0.6403986474,
            0.7590669733,
            -0.1170764808
         ],
         [
            0.258681874,
            -0.0696411736,
            0.9634489063
         ]
      ],
      "T":[
         [
            276.0359769056
         ],
         [
            107.2559513851
         ],
         [
            43.8674994121
         ]
      ]
   },
   {
      "id":3,
      "cameraMatrix":[
         [
            1789.2972477033,
            0.0,
            726.0539274936
         ],
         [
            0.0,
            1792.8671666398,
            534.3656856891
         ],
         [
            0.0,
            0.0,
            1.0
         ]
      ],
      "distCoeffs":[
         [
            -0.5074974386,
            0.3995618724,
            -0.0003309317,
            -0.0015534454,
            -0.3663410054
         ]
      ],
      "R":[
         [
            -0.7278146266,
            -0.6438631231,
            -0.2360638645
         ],
         [
            0.6282601394,
            -0.4880323975,
            -0.6058989819
         ],
         [
            0.274909197,
            -0.5892916577,
            0.7597106525
         ]
      ],
      "T":[
         [
            262.0778041785
         ],
         [
            636.2725739837
         ],
         [
            269.2679860873
         ]
      ]
   },
   {
      "id":4,
      "cameraMatrix":[
         [
            1786.0388323843,
            0.0,
            738.8444518922
         ],
         [
            0.0,
            1790.3133196083,
            538.1209974065
         ],
         [
            0.0,
            0.0,
            1.0
         ]
      ],
      "distCoeffs":[
         [
            -0.505351085,
            0.377553099,
            0.0009748437,
            -0.000987626,
            -0.2808167955
         ]
      ],
      "R":[
         [
            -0.7040200353,
            0.6721242615,
            0.2293572912
         ],
         [
            -0.6545349462,
            -0.4887706542,
            -0.5767904748
         ],
         [
            -0.2755717586,
            -0.5561944127,
            0.7840331506
         ]
      ],
      "T":[
         [
            -290.7516420498
         ],
         [
            628.3678110378
         ],
         [
            232.8511863515
         ]
      ]
   },
   {
      "id":5,
      "cameraMatrix":[
         [
            1781.6989783765,
            0.0,
            730.3873063085
         ],
         [
            0.0,
            1785.8313126029,
            516.3833436619
         ],
         [
            0.0,
            0.0,
            1.0
         ]
      ],
      "distCoeffs":[
         [
            -0.5142949695,
            0.4424362672,
            -0.000010797,
            -0.0004741035,
            -0.4360637093
         ]
      ],
      "R":[
         [
            0.0180479796,
            0.932993581,
            0.3594401872
         ],
         [
            -0.9402920955,
            0.1380482522,
            -0.3111164657
         ],
         [
            -0.3398897551,
            -0.3323637432,
            0.8797779814
         ]
      ],
      "T":[
         [
            -406.7852113711
         ],
         [
            360.4704544099
         ],
         [
            123.9052299058
         ]
      ]
   }
]