[
   {
      "id":1,
      "cameraMatrix":[
         [
            1784.1943751884,
            0.0,
            749.1850431451
         ],
         [
            0.0,
            1786.8492640336,
            522.7788190077
         ],
         [
            0.0,
            0.0,
            1.0
         ]
      ],
      "distCoeffs":[
         [
            -0.5042800881,
            0.380091547,
            -0.0014607175,
            -0.0000038022,
            -0.3020740131
         ]
      ],
      "R":[
         [
            1.0,
            -0.0000001777,
            0.000001863
         ],
         [
            0.0000001776,
            1.0,
            0.0000060288
         ],
         [
            -0.000001863,
            -0.0000060288,
            1.0
         ]
      ],
      "T":[
         [
            0.0000377154
         ],
         [
            0.0000382478
         ],
         [
            0.0001338063
         ]
      ]
   },
   {
      "id":2,
      "cameraMatrix":[
         [
            1787.3828833273,
            0.0,
            723.4080585835
         ],
         [
            0.0,
            1791.0547472289,
            528.4582727539
         ],
         [
            0.0,
            0.0,
            1.0
         ]
      ],
      "distCoeffs":[
         [
            -0.4971462921,
            0.3105223162,
            -0.0009786577,
            0.0012691788,
            -0.111570749
         ]
      ],
      "R":[
         [
            0.7206300109,
            -0.649586102,
            -0.2423433174
         ],
         [
            0.6545413289,
            0.7526709087,
            -0.0711488017
         ],
         [
            0.2286220377,
            -0.1073517552,
            0.9675781956
         ]
      ],
      "T":[
         [
            276.9961725135
         ],
         [
            112.2981383469
         ],
         [
            38.0693388604
         ]
      ]
   },
   {
      "id":3,
      "cameraMatrix":[
         [
            1788.9007117676,
            0.0,
            714.4210893043
         ],
         [
            0.0,
            1792.2197048837,
            536.7974727014
         ],
         [
            0.0,
            0.0,
            1.0
         ]
      ],
      "distCoeffs":[
         [
            -0.5044119506,
            0.3565730059,
            -0.0011525049,
            -0.0008786794,
            -0.2122055552
         ]
      ],
      "R":[
         [
            -0.7325603436,
            -0.6401239898,
            -0.2315094396
         ],
         [
            0.6401218402,
            -0.5321487915,
            -0.5541314767
         ],
         [
            0.2315153832,
            -0.5541289934,
            0.7995884479
         ]
      ],
      "T":[
         [
            259.0989392907
         ],
         [
            659.8356037954
         ],
         [
            222.5856897718
         ]
      ]
   },
   {
      "id":4,
      "cameraMatrix":[
         [
            1784.6771151521,
            0.0,
            722.8663116253
         ],
         [
            0.0,
            1788.4022003489,
            540.4530503755
         ],
         [
            0.0,
            0.0,
            1.0
         ]
      ],
      "distCoeffs":[
         [
            -0.5037680732,
            0.3648513388,
            0.0002271284,
            0.0000064117,
            -0.2548179117
         ]
      ],
      "R":[
         [
            -0.702278408,
            0.6706268925,
            0.2388819974
         ],
         [
            -0.660961274,
            -0.489572516,
            -0.5687257211
         ],
         [
            -0.2644527025,
            -0.5572955433,
            0.7870746124
         ]
      ],
      "T":[
         [
            -289.5504511027
         ],
         [
            630.0972497096
         ],
         [
            228.4471971559
         ]
      ]
   },
   {
      "id":5,
      "cameraMatrix":[
         [
            1781.4254928885,
            0.0,
            719.9012153264
         ],
         [
            0.0,
            1785.1934851994,
            517.263685894
         ],
         [
            0.0,
            0.0,
            1.0
         ]
      ],
      "distCoeffs":[
         [
            -0.5171731954,
            0.4495772916,
            -0.0006108911,
            0.0003137723,
            -0.4310360298
         ]
      ],
      "R":[
         [
            0.0219322476,
            0.9313024966,
            0.3635858032
         ],
         [
            -0.9351359224,
            0.1477391859,
            -0.3220154337
         ],
         [
            -0.3536096479,
            -0.3329396232,
            0.8741346717
         ]
      ],
      "T":[
         [
            -406.9997802678
         ],
         [
            357.5056353449
         ],
         [
            129.2849579426
         ]
      ]
   }
]