[
   {
      "id":1,
      "cameraMatrix":[
         [
            1784.1943751884,
            0.0,
            749.1850431451
         ],
         [
            0.0,
            1786.8492640336,
            522.7788190077
         ],
         [
            0.0,
            0.0,
            1.0
         ]
      ],
      "distCoeffs":[
         [
            -0.5042800881,
            0.380091547,
            -0.0014607175,
            -0.0000038022,
            -0.3020740131
         ]
      ],
      "R":[
         [
            0.9999779601,
            -0.000739969,
            -0.006597866
         ],
         [
            0.0008159398,
            0.9999333189,
            0.0115191976
         ],
         [
            0.0065889022,
            -0.0115243272,
            0.9999118842
         ]
      ],
      "T":[
         [
            -0.0002983595
         ],
         [
            0.0054704541
         ],
         [
            0.0039092391
         ]
      ]
   },
   {
      "id":2,
      "cameraMatrix":[
         [
            1787.3828833273,
            0.0,
            723.4080585835
         ],
         [
            0.0,
            1791.0547472289,
            528.4582727539
         ],
         [
            0.0,
            0.0,
            1.0
         ]
      ],
      "distCoeffs":[
         [
            -0.4971462921,
            0.3105223162,
            -0.0009786577,
            0.0012691788,
            -0.111570749
         ]
      ],
      "R":[
         [
            0.7189054018,
            -0.6472943343,
            -0.2533477216
         ],
         [
            0.6538314534,
            0.7534274542,
            -0.069652723
         ],
         [
            0.2359649419,
            -0.1155729902,
            0.9648644621
         ]
      ],
      "T":[
         [
            275.400654005
         ],
         [
            115.3452809784
         ],
         [
            36.7644937899
         ]
      ]
   },
   {
      "id":3,
      "cameraMatrix":[
         [
            1788.9007117676,
            0.0,
            714.4210893043
         ],
         [
            0.0,
            1792.2197048837,
            536.7974727014
         ],
         [
            0.0,
            0.0,
            1.0
         ]
      ],
      "distCoeffs":[
         [
            -0.5044119506,
            0.3565730059,
            -0.0011525049,
            -0.0008786794,
            -0.2122055552
         ]
      ],
      "R":[
         [
            -0.7348963181,
            -0.6368419637,
            -0.2331516994
         ],
         [
            0.6364143951,
            -0.5288200968,
            -0.5615389772
         ],
         [
            0.2343162807,
            -0.5610540245,
            0.7939233352
         ]
      ],
      "T":[
         [
            258.023252517
         ],
         [
            657.0946973434
         ],
         [
            219.3942751291
         ]
      ]
   },
   {
      "id":4,
      "cameraMatrix":[
         [
            1784.6771151521,
            0.0,
            722.8663116253
         ],
         [
            0.0,
            1788.4022003489,
            540.4530503755
         ],
         [
            0.0,
            0.0,
            1.0
         ]
      ],
      "distCoeffs":[
         [
            -0.5037680732,
            0.3648513388,
            0.0002271284,
            0.0000064117,
            -0.2548179117
         ]
      ],
      "R":[
         [
            -0.6992941437,
            0.6699778081,
            0.2492337001
         ],
         [
            -0.6664867808,
            -0.4850385594,
            -0.5661563096
         ],
         [
            -0.2584242085,
            -0.5620207582,
            0.7857159766
         ]
      ],
      "T":[
         [
            -286.354366116
         ],
         [
            626.4485744209
         ],
         [
            223.6458553848
         ]
      ]
   },
   {
      "id":5,
      "cameraMatrix":[
         [
            1781.4254928885,
            0.0,
            719.9012153264
         ],
         [
            0.0,
            1785.1934851994,
            517.263685894
         ],
         [
            0.0,
            0.0,
            1.0
         ]
      ],
      "distCoeffs":[
         [
            -0.5171731954,
            0.4495772916,
            -0.0006108911,
            0.0003137723,
            -0.4310360298
         ]
      ],
      "R":[
         [
            0.0258305777,
            0.9294497843,
            0.3680433124
         ],
         [
            -0.9374159443,
            0.1504099193,
            -0.3140512753
         ],
         [
            -0.347252255,
            -0.3368975434,
            0.8751662223
         ]
      ],
      "T":[
         [
            -400.3956643057
         ],
         [
            358.0249297
         ],
         [
            125.0357459989
         ]
      ]
   }
]