[
   {
      "id":1,
      "cameraMatrix":[
         [
            1783.6378540307,
            0.0,
            749.6362528578
         ],
         [
            0.0,
            1786.6360891502,
            519.665211262
         ],
         [
            0.0,
            0.0,
            1.0
         ]
      ],
      "distCoeffs":[
         [
            -0.5066504492,
            0.3950973401,
            -0.0014176892,
            0.0001504763,
            -0.3519822834
         ]
      ],
      "R":[
         [
            1.0,
            0.0,
            0.0
         ],
         [
            0.0,
            1.0,
            0.0
         ],
         [
            0.0,
            0.0,
            1.0
         ]
      ],
      "T":[
         [
            0.0
         ],
         [
            0.0
         ],
         [
            0.0
         ]
      ]
   },
   {
      "id":2,
      "cameraMatrix":[
         [
            1788.1506161377,
            0.0,
            726.0403048601
         ],
         [
            0.0,
            1791.5341066135,
            525.7647931332
         ],
         [
            0.0,
            0.0,
            1.0
         ]
      ],
      "distCoeffs":[
         [
            -0.5041979389,
            0.3706745319,
            -0.0012704659,
            0.0012496755,
            -0.2816251896
         ]
      ],
      "R":[
         [
            0.7203937911,
            -0.6498494508,
            -0.2423395901
         ],
         [
            0.6550110717,
            0.7523399064,
            -0.0703218401
         ],
         [
            0.2280203537,
            -0.1080756976,
            0.9676395826
         ]
      ],
      "T":[
         [
            276.6121156276
         ],
         [
            111.8251012169
         ],
         [
            38.7422192324
         ]
      ]
   },
   {
      "id":3,
      "cameraMatrix":[
         [
            1787.8355375001,
            0.0,
            717.264425293
         ],
         [
            0.0,
            1791.1357293966,
            533.0522993877
         ],
         [
            0.0,
            0.0,
            1.0
         ]
      ],
      "distCoeffs":[
         [
            -0.5048653214,
            0.3524796644,
            -0.0010645565,
            -0.00068343,
            -0.2075462727
         ]
      ],
      "R":[
         [
            -0.732995246,
            -0.6393014729,
            -0.2324039501
         ],
         [
            0.6409510374,
            -0.5346835464,
            -0.5507225008
         ],
         [
            0.2278151377,
            -0.5526365279,
            0.8016814399
         ]
      ],
      "T":[
         [
            258.9873406873
         ],
         [
            659.2579956832
         ],
         [
            221.1357800521
         ]
      ]
   },
   {
      "id":4,
      "cameraMatrix":[
         [
            1783.9059388711,
            0.0,
            726.5962696179
         ],
         [
            0.0,
            1787.5659627868,
            537.0612392176
         ],
         [
            0.0,
            0.0,
            1.0
         ]
      ],
      "distCoeffs":[
         [
            -0.5062736213,
            0.3693073935,
            0.0004171344,
            -0.0000748312,
            -0.2645713881
         ]
      ],
      "R":[
         [
            -0.7017133276,
            0.6723958559,
            0.2355466384
         ],
         [
            -0.6612807336,
            -0.4916398033,
            -0.5665669379
         ],
         [
            -0.2651531582,
            -0.5533300251,
            0.7896326272
         ]
      ],
      "T":[
         [
            -289.575479848
         ],
         [
            630.0854734048
         ],
         [
            226.3490368586
         ]
      ]
   },
   {
      "id":5,
      "cameraMatrix":[
         [
            1780.2630080219,
            0.0,
            722.6050342807
         ],
         [
            0.0,
            1784.0278060837,
            514.1340408691
         ],
         [
            0.0,
            0.0,
            1.0
         ]
      ],
      "distCoeffs":[
         [
            -0.5119677345,
            0.4023278841,
            -0.000493823,
            0.0003602571,
            -0.3184368459
         ]
      ],
      "R":[
         [
            0.0225626591,
            0.9325130234,
            0.3604308362
         ],
         [
            -0.9355851909,
            0.146767823,
            -0.3211534783
         ],
         [
            -0.3523794502,
            -0.3299676762,
            0.8757568474
         ]
      ],
      "T":[
         [
            -406.7392948383
         ],
         [
            357.6160274546
         ],
         [
            127.8639340841
         ]
      ]
   }
]