[
   {
      "id":1,
      "cameraMatrix":[
         [
            1783.8004673866,
            0.0,
            749.6422456115
         ],
         [
            0.0,
            1786.8529373442,
            520.9170659766
         ],
         [
            0.0,
            0.0,
            1.0
         ]
      ],
      "distCoeffs":[
         [
            -0.5130057945,
            0.4307663732,
            -0.0016746693,
            0.0000672811,
            -0.4346122073
         ]
      ],
      "R":[
         [
            1.0,
            0.0,
            0.0
         ],
         [
            0.0,
            1.0,
            0.0
         ],
         [
            0.0,
            0.0,
            1.0
         ]
      ],
      "T":[
         [
            0.0
         ],
         [
            0.0
         ],
         [
            0.0
         ]
      ]
   },
   {
      "id":2,
      "cameraMatrix":[
         [
            1787.6505525797,
            0.0,
            726.5221299774
         ],
         [
            0.0,
            1790.8102488892,
            529.3075425002
         ],
         [
            0.0,
            0.0,
            1.0
         ]
      ],
      "distCoeffs":[
         [
            -0.5129858789,
            0.4156986402,
            -0.0019167682,
            0.0011479653,
            -0.3666639041
         ]
      ],
      "R":[
         [
            0.7223277183,
            -0.6481450073,
            -0.2411445975
         ],
         [
            0.6532463199,
            0.7539333668,
            -0.0696686718
         ],
         [
            0.2269623601,
            -0.1072032081,
            0.9679853094
         ]
      ],
      "T":[
         [
            281.650626702
         ],
         [
            111.791894967
         ],
         [
            39.4187271999
         ]
      ]
   },
   {
      "id":3,
      "cameraMatrix":[
         [
            1787.9567223243,
            0.0,
            717.7023379598
         ],
         [
            0.0,
            1791.1007887659,
            532.4238755179
         ],
         [
            0.0,
            0.0,
            1.0
         ]
      ],
      "distCoeffs":[
         [
            -0.5060156949,
            0.3556528127,
            -0.0010351671,
            -0.0007749415,
            -0.2164562802
         ]
      ],
      "R":[
         [
            -0.7312736061,
            -0.6421120198,
            -0.2300675273
         ],
         [
            0.6428596749,
            -0.5360953206,
            -0.5471135583
         ],
         [
            0.2279700672,
            -0.5479908405,
            0.8048202825
         ]
      ],
      "T":[
         [
            248.7098941034
         ],
         [
            657.2309227611
         ],
         [
            224.3170638535
         ]
      ]
   },
   {
      "id":4,
      "cameraMatrix":[
         [
            1783.6956095407,
            0.0,
            725.6968846902
         ],
         [
            0.0,
            1787.2270987639,
            535.997854667
         ],
         [
            0.0,
            0.0,
            1.0
         ]
      ],
      "distCoeffs":[
         [
            -0.5086663218,
            0.3757944886,
            0.0004859947,
            -0.0000521607,
            -0.2720697022
         ]
      ],
      "R":[
         [
            -0.7050497686,
            0.6689372398,
            0.2354310792
         ],
         [
            -0.6587437178,
            -0.4948461548,
            -0.5667309744
         ],
         [
            -0.2626052895,
            -0.5546622867,
            0.7895493712
         ]
      ],
      "T":[
         [
            -294.294640563
         ],
         [
            627.2082437772
         ],
         [
            223.4953839906
         ]
      ]
   },
   {
      "id":5,
      "cameraMatrix":[
         [
            1780.6072309557,
            0.0,
            722.0565175354
         ],
         [
            0.0,
            1784.3169310059,
            513.1249769215
         ],
         [
            0.0,
            0.0,
            1.0
         ]
      ],
      "distCoeffs":[
         [
            -0.514774112,
            0.4120809698,
            -0.0004141977,
            0.000351008,
            -0.3340472914
         ]
      ],
      "R":[
         [
            0.0154310825,
            0.9364308774,
            0.3505126154
         ],
         [
            -0.9366331465,
            0.1362364383,
            -0.3227351573
         ],
         [
            -0.3499717568,
            -0.323321581,
            0.8791944749
         ]
      ],
      "T":[
         [
            -394.6618650167
         ],
         [
            355.3443739676
         ],
         [
            123.1917991995
         ]
      ]
   }
]