[
   {
      "id":1,
      "cameraMatrix":[
         [
            1783.6378540307,
            0.0,
            749.6362528578
         ],
         [
            0.0,
            1786.6360891502,
            519.665211262
         ],
         [
            0.0,
            0.0,
            1.0
         ]
      ],
      "distCoeffs":[
         [
            -0.5066504492,
            0.3950973401,
            -0.0014176892,
            0.0001504763,
            -0.3519822834
         ]
      ],
      "R":[
         [
            1.0,
            0.0,
            0.0
         ],
         [
            0.0,
            1.0,
            0.0
         ],
         [
            0.0,
            0.0,
            1.0
         ]
      ],
      "T":[
         [
            0.0
         ],
         [
            0.0
         ],
         [
            0.0
         ]
      ]
   },
   {
      "id":2,
      "cameraMatrix":[
         [
            1788.1506161377,
            0.0,
            726.0403048601
         ],
         [
            0.0,
            1791.5341066135,
            525.7647931332
         ],
         [
            0.0,
            0.0,
            1.0
         ]
      ],
      "distCoeffs":[
         [
            -0.5041979389,
            0.3706745319,
            -0.0012704659,
            0.0012496755,
            -0.2816251896
         ]
      ],
      "R":[
         [
            0.7202097404,
            -0.6505078439,
            -0.2411171392
         ],
         [
            0.6549794316,
            0.7521343544,
            -0.0727726401
         ],
         [
            0.228691657,
            -0.1055152026,
            0.967763746
         ]
      ],
      "T":[
         [
            275.4250560477
         ],
         [
            114.1303026886
         ],
         [
            37.9009054309
         ]
      ]
   },
   {
      "id":3,
      "cameraMatrix":[
         [
            1787.8355375001,
            0.0,
            717.264425293
         ],
         [
            0.0,
            1791.1357293966,
            533.0522993877
         ],
         [
            0.0,
            0.0,
            1.0
         ]
      ],
      "distCoeffs":[
         [
            -0.5048653214,
            0.3524796644,
            -0.0010645565,
            -0.00068343,
            -0.2075462727
         ]
      ],
      "R":[
         [
            -0.7334882398,
            -0.6390986147,
            -0.2314043276
         ],
         [
            0.6408780539,
            -0.5368639938,
            -0.5486823965
         ],
         [
            0.226429508,
            -0.5507540403,
            0.8033677022
         ]
      ],
      "T":[
         [
            258.511854755
         ],
         [
            656.9804369062
         ],
         [
            219.2377164549
         ]
      ]
   },
   {
      "id":4,
      "cameraMatrix":[
         [
            1783.9059388711,
            0.0,
            726.5962696179
         ],
         [
            0.0,
            1787.5659627868,
            537.0612392176
         ],
         [
            0.0,
            0.0,
            1.0
         ]
      ],
      "distCoeffs":[
         [
            -0.5062736213,
            0.3693073935,
            0.0004171344,
            -0.0000748312,
            -0.2645713881
         ]
      ],
      "R":[
         [
            -0.7019796225,
            0.6739036825,
            0.2303875782
         ],
         [
            -0.6608069671,
            -0.4956544201,
            -0.563614095
         ],
         [
            -0.2656289927,
            -0.5478873265,
            0.7932595513
         ]
      ],
      "T":[
         [
            -283.2007327067
         ],
         [
            627.7250780431
         ],
         [
            221.6580877494
         ]
      ]
   },
   {
      "id":5,
      "cameraMatrix":[
         [
            1780.2630080219,
            0.0,
            722.6050342807
         ],
         [
            0.0,
            1784.0278060837,
            514.1340408691
         ],
         [
            0.0,
            0.0,
            1.0
         ]
      ],
      "distCoeffs":[
         [
            -0.5119677345,
            0.4023278841,
            -0.000493823,
            0.0003602571,
            -0.3184368459
         ]
      ],
      "R":[
         [
            0.0234611505,
            0.933968597,
            0.3565841194
         ],
         [
            -0.9361918762,
            0.1456499958,
            -0.3198919344
         ],
         [
            -0.3507054967,
            -0.3263261229,
            0.8777909296
         ]
      ],
      "T":[
         [
            -402.4314931155
         ],
         [
            357.5524838626
         ],
         [
            124.204767063
         ]
      ]
   }
]