[
   {
      "id":1,
      "cameraMatrix":[
         [
            1784.2517631971,
            0.0,
            749.4681464928
         ],
         [
            0.0,
            1786.8763709861,
            522.7684427304
         ],
         [
            0.0,
            0.0,
            1.0
         ]
      ],
      "distCoeffs":[
         [
            -0.5054778268,
            0.3913790907,
            -0.001434738,
            -0.0000134125,
            -0.3315423198
         ]
      ],
      "R":[
         [
            1.0,
            0.0,
            0.0
         ],
         [
            0.0,
            1.0,
            0.0
         ],
         [
            0.0,
            0.0,
            1.0
         ]
      ],
      "T":[
         [
            0.0
         ],
         [
            0.0
         ],
         [
            0.0
         ]
      ]
   },
   {
      "id":2,
      "cameraMatrix":[
         [
            1787.1129355811,
            0.0,
            724.0992724876
         ],
         [
            0.0,
            1790.822733376,
            528.6404764654
         ],
         [
            0.0,
            0.0,
            1.0
         ]
      ],
      "distCoeffs":[
         [
            -0.4986826545,
            0.3258994142,
            -0.0010038786,
            0.0011917623,
            -0.157864452
         ]
      ],
      "R":[
         [
            0.7205268685,
            -0.6495836259,
            -0.2426564334
         ],
         [
            0.6545595797,
            0.752648845,
            -0.0712142732
         ],
         [
            0.2288947101,
            -0.1075212958,
            0.9674949006
         ]
      ],
      "T":[
         [
            277.0212020618
         ],
         [
            112.3641238201
         ],
         [
            38.0637930793
         ]
      ]
   },
   {
      "id":3,
      "cameraMatrix":[
         [
            1788.8203346733,
            0.0,
            714.4429178105
         ],
         [
            0.0,
            1792.156130722,
            536.9133796621
         ],
         [
            0.0,
            0.0,
            1.0
         ]
      ],
      "distCoeffs":[
         [
            -0.5044391349,
            0.3567626918,
            -0.001163494,
            -0.0008804501,
            -0.2121622538
         ]
      ],
      "R":[
         [
            -0.7324557772,
            -0.640395354,
            -0.2310894309
         ],
         [
            0.6400784817,
            -0.5320963844,
            -0.5542318783
         ],
         [
            0.2319656693,
            -0.5538657132,
            0.7996403566
         ]
      ],
      "T":[
         [
            258.5450061522
         ],
         [
            659.9264756983
         ],
         [
            222.4675292768
         ]
      ]
   },
   {
      "id":4,
      "cameraMatrix":[
         [
            1784.6432163868,
            0.0,
            722.7992045904
         ],
         [
            0.0,
            1788.37631738,
            540.5961875466
         ],
         [
            0.0,
            0.0,
            1.0
         ]
      ],
      "distCoeffs":[
         [
            -0.5038858114,
            0.3654792652,
            0.0002360072,
            0.0000144083,
            -0.2571426908
         ]
      ],
      "R":[
         [
            -0.7023214643,
            0.6706098313,
            0.2388032977
         ],
         [
            -0.6609643607,
            -0.4897544492,
            -0.5685654697
         ],
         [
            -0.2643306162,
            -0.5571562022,
            0.7872142603
         ]
      ],
      "T":[
         [
            -289.5343642941
         ],
         [
            629.7113721285
         ],
         [
            228.2663776609
         ]
      ]
   },
   {
      "id":5,
      "cameraMatrix":[
         [
            1781.4025717479,
            0.0,
            719.92427193
         ],
         [
            0.0,
            1785.1537892745,
            517.1844171616
         ],
         [
            0.0,
            0.0,
            1.0
         ]
      ],
      "distCoeffs":[
         [
            -0.5171711984,
            0.4483472966,
            -0.0005939144,
            0.0003090645,
            -0.4275274108
         ]
      ],
      "R":[
         [
            0.0218587421,
            0.9314127486,
            0.3633077031
         ],
         [
            -0.9351930886,
            0.1475263884,
            -0.3219469705
         ],
         [
            -0.353462986,
            -0.3327254972,
            0.8742755064
         ]
      ],
      "T":[
         [
            -406.7158215176
         ],
         [
            357.3072936787
         ],
         [
            129.0341317134
         ]
      ]
   }
]