[
   {
      "id":1,
      "cameraMatrix":[
         [
            1781.5954372254,
            0.0,
            752.7148067645
         ],
         [
            0.0,
            1781.614304353,
            522.7431670033
         ],
         [
            0.0,
            0.0,
            1.0
         ]
      ],
      "distCoeffs":[
         [
            -0.4790500024,
            0.1364545661,
            -0.000042387,
            -0.0000031736,
            0.4911385182
         ]
      ],
      "R":[
         [
            1.0,
            -0.0000020665,
            0.0000065713
         ],
         [
            0.0000020665,
            1.0,
            0.0000000377
         ],
         [
            -0.0000065713,
            -0.0000000376,
            1.0
         ]
      ],
      "T":[
         [
            0.0000171023
         ],
         [
            0.0000148575
         ],
         [
            -0.0000371759
         ]
      ]
   },
   {
      "id":2,
      "cameraMatrix":[
         [
            1784.2909559896,
            0.0,
            733.2303617462
         ],
         [
            0.0,
            1784.7636781027,
            524.8217167779
         ],
         [
            0.0,
            0.0,
            1.0
         ]
      ],
      "distCoeffs":[
         [
            -0.4866254171,
            0.258805482,
            0.0007831298,
            0.0002377699,
            -0.0442155957
         ]
      ],
      "R":[
         [
            0.71987288,
            -0.6494631193,
            -0.2449095616
         ],
         [
            0.6555987773,
            0.7520943493,
            -0.0674116684
         ],
         [
            0.2279764898,
            -0.1120345772,
            0.9671995521
         ]
      ],
      "T":[
         [
            275.1151054727
         ],
         [
            111.8348226111
         ],
         [
            38.345907325
         ]
      ]
   },
   {
      "id":3,
      "cameraMatrix":[
         [
            1785.5106510038,
            0.0,
            720.4204535745
         ],
         [
            0.0,
            1784.745330164,
            534.8926463342
         ],
         [
            0.0,
            0.0,
            1.0
         ]
      ],
      "distCoeffs":[
         [
            -0.4940932274,
            0.2860388718,
            -0.0000080281,
            -0.0013661722,
            -0.023419473
         ]
      ],
      "R":[
         [
            -0.7332238062,
            -0.6381432694,
            -0.2348531834
         ],
         [
            0.6417130175,
            -0.5351332492,
            -0.5493967681
         ],
         [
            0.2249161027,
            -0.5535391344,
            0.8018772808
         ]
      ],
      "T":[
         [
            257.1147939
         ],
         [
            656.7420383964
         ],
         [
            219.1136754247
         ]
      ]
   },
   {
      "id":4,
      "cameraMatrix":[
         [
            1780.1534253211,
            0.0,
            728.4051263075
         ],
         [
            0.0,
            1781.1391603255,
            535.0861190394
         ],
         [
            0.0,
            0.0,
            1.0
         ]
      ],
      "distCoeffs":[
         [
            -0.4892250617,
            0.2562178566,
            0.001983818,
            0.0000162378,
            -0.0123114448
         ]
      ],
      "R":[
         [
            -0.7018291863,
            0.6727520452,
            0.234180441
         ],
         [
            -0.6612081983,
            -0.4929290909,
            -0.5655303969
         ],
         [
            -0.2650273792,
            -0.5517477658,
            0.7907811905
         ]
      ],
      "T":[
         [
            -289.0822461423
         ],
         [
            627.8830194628
         ],
         [
            222.4415319
         ]
      ]
   },
   {
      "id":5,
      "cameraMatrix":[
         [
            1776.2526259537,
            0.0,
            725.6943937567
         ],
         [
            0.0,
            1776.1990386484,
            511.731993807
         ],
         [
            0.0,
            0.0,
            1.0
         ]
      ],
      "distCoeffs":[
         [
            -0.4964435248,
            0.30055506,
            0.0013077658,
            0.000201768,
            -0.0472797863
         ]
      ],
      "R":[
         [
            0.0229178261,
            0.9331068804,
            0.3588681137
         ],
         [
            -0.9362868299,
            0.1458778279,
            -0.3195099866
         ],
         [
            -0.3504878677,
            -0.3286810142,
            0.8769988857
         ]
      ],
      "T":[
         [
            -405.0125017777
         ],
         [
            355.852627083
         ],
         [
            123.8304974781
         ]
      ]
   }
]