[
   {
      "id":1,
      "cameraMatrix":[
         [
            1770.7664887461,
            0.0,
            765.7799897749
         ],
         [
            0.0,
            1771.213511981,
            524.650144348
         ],
         [
            0.0,
            0.0,
            1.0
         ]
      ],
      "distCoeffs":[
         [
            -0.4777539463,
            0.2379399156,
            -0.0003378731,
            -0.0000165032,
            -0.1323470801
         ]
      ],
      "R":[
         [
            0.9999019781,
            -0.0006433864,
            -0.0139864302
         ],
         [
            0.0006214549,
            0.9999985708,
            -0.0015723515
         ],
         [
            0.0139874218,
            0.0015635054,
            0.9999009488
         ]
      ],
      "T":[
         [
            0.0001135875
         ],
         [
            0.0015004303
         ],
         [
            0.0033484781
         ]
      ]
   },
   {
      "id":2,
      "cameraMatrix":[
         [
            1783.1633455072,
            0.0,
            731.1409093259
         ],
         [
            0.0,
            1783.7714232942,
            532.3135464935
         ],
         [
            0.0,
            0.0,
            1.0
         ]
      ],
      "distCoeffs":[
         [
            -0.4863539715,
            0.2843316072,
            -0.0009128842,
            0.0007263966,
            -0.125565793
         ]
      ],
      "R":[
         [
            0.7193487919,
            -0.6483149362,
            -0.2494495119
         ],
         [
            0.6524180706,
            0.7538512817,
            -0.0778389764
         ],
         [
            0.2385120053,
            -0.1067519956,
            0.9652543886
         ]
      ],
      "T":[
         [
            275.4893321558
         ],
         [
            113.2718334717
         ],
         [
            43.6410824605
         ]
      ]
   },
   {
      "id":3,
      "cameraMatrix":[
         [
            1785.3394270301,
            0.0,
            719.4504809702
         ],
         [
            0.0,
            1787.055185536,
            532.5493427918
         ],
         [
            0.0,
            0.0,
            1.0
         ]
      ],
      "distCoeffs":[
         [
            -0.4961027673,
            0.3530620236,
            -0.0001010155,
            -0.0009755211,
            -0.3962607638
         ]
      ],
      "R":[
         [
            -0.7348174396,
            -0.6385285306,
            -0.2287458111
         ],
         [
            0.6379097677,
            -0.5360155996,
            -0.5529542524
         ],
         [
            0.2304657432,
            -0.5522396151,
            0.8011971971
         ]
      ],
      "T":[
         [
            254.637642602
         ],
         [
            654.6976361704
         ],
         [
            224.2462994268
         ]
      ]
   },
   {
      "id":4,
      "cameraMatrix":[
         [
            1766.0985414571,
            0.0,
            736.4407657705
         ],
         [
            0.0,
            1770.3042449918,
            516.817691189
         ],
         [
            0.0,
            0.0,
            1.0
         ]
      ],
      "distCoeffs":[
         [
            -0.4937168424,
            0.2983535733,
            0.0044426682,
            0.0000037969,
            -0.0455937335
         ]
      ],
      "R":[
         [
            -0.6997190593,
            0.6751812226,
            0.2335027937
         ],
         [
            -0.6667201016,
            -0.4997148503,
            -0.5529641711
         ],
         [
            -0.2566662115,
            -0.542600576,
            0.7998168983
         ]
      ],
      "T":[
         [
            -287.854645197
         ],
         [
            626.7653697327
         ],
         [
            211.4771613404
         ]
      ]
   },
   {
      "id":5,
      "cameraMatrix":[
         [
            1783.8227217564,
            0.0,
            714.7886509523
         ],
         [
            0.0,
            1783.9411914861,
            514.3915656889
         ],
         [
            0.0,
            0.0,
            1.0
         ]
      ],
      "distCoeffs":[
         [
            -0.4934874448,
            0.2925104013,
            -0.0000901278,
            0.0010751353,
            -0.1219364897
         ]
      ],
      "R":[
         [
            0.023010865,
            0.9327831034,
            0.3597029082
         ],
         [
            -0.9382776311,
            0.1443552712,
            -0.3143193323
         ],
         [
            -0.3451167731,
            -0.3302684329,
            0.8785312602
         ]
      ],
      "T":[
         [
            -397.9112989505
         ],
         [
            352.964985188
         ],
         [
            133.277860245
         ]
      ]
   }
]