[
   {
      "id":1,
      "cameraMatrix":[
         [
            1785.5644882398,
            0.0,
            756.2117828777
         ],
         [
            0.0,
            1785.9377215485,
            527.3813518027
         ],
         [
            0.0,
            0.0,
            1.0
         ]
      ],
      "distCoeffs":[
         [
            -0.5065762183,
            0.4264907688,
            -0.0007565339,
            -0.0005405066,
            -0.5064128813
         ]
      ],
      "R":[
         [
            0.9999012547,
            -0.0040460024,
            0.013457737
         ],
         [
            0.0041036323,
            0.9999825171,
            -0.0042574327
         ],
         [
            -0.0134402762,
            0.0043122379,
            0.9999003768
         ]
      ],
      "T":[
         [
            0.236507272
         ],
         [
            0.1866329526
         ],
         [
            0.1983702138
         ]
      ]
   },
   {
      "id":2,
      "cameraMatrix":[
         [
            1785.116338834,
            0.0,
            733.7240381156
         ],
         [
            0.0,
            1786.1196244098,
            537.9879657181
         ],
         [
            0.0,
            0.0,
            1.0
         ]
      ],
      "distCoeffs":[
         [
            -0.481107711,
            0.1879692138,
            -0.0008651078,
            0.0001611129,
            0.2188410818
         ]
      ],
      "R":[
         [
            0.7206217533,
            -0.6528952218,
            -0.2333069182
         ],
         [
            0.6583547887,
            0.7498918568,
            -0.065047484
         ],
         [
            0.2174241496,
            -0.1067240949,
            0.9702250805
         ]
      ],
      "T":[
         [
            275.8313075564
         ],
         [
            111.304287533
         ],
         [
            38.6149311043
         ]
      ]
   },
   {
      "id":3,
      "cameraMatrix":[
         [
            1779.2580090953,
            0.0,
            727.4188945059
         ],
         [
            0.0,
            1779.2476434705,
            537.8921550334
         ],
         [
            0.0,
            0.0,
            1.0
         ]
      ],
      "distCoeffs":[
         [
            -0.4951245472,
            0.2916775156,
            0.0002048776,
            -0.00206692,
            -0.0050711936
         ]
      ],
      "R":[
         [
            -0.7328185757,
            -0.6334778322,
            -0.2483601645
         ],
         [
            0.6477177606,
            -0.5376580307,
            -0.5398013937
         ],
         [
            0.2084193797,
            -0.556443778,
            0.8043206351
         ]
      ],
      "T":[
         [
            256.4677080417
         ],
         [
            657.0453492644
         ],
         [
            216.7206726787
         ]
      ]
   },
   {
      "id":4,
      "cameraMatrix":[
         [
            1783.5223330017,
            0.0,
            725.0319260555
         ],
         [
            0.0,
            1785.8868004028,
            533.7857895055
         ],
         [
            0.0,
            0.0,
            1.0
         ]
      ],
      "distCoeffs":[
         [
            -0.4967854814,
            0.301910079,
            0.0014694898,
            0.0000200957,
            -0.0240689539
         ]
      ],
      "R":[
         [
            -0.7031299418,
            0.6748118672,
            0.2241366297
         ],
         [
            -0.6548183636,
            -0.4916362526,
            -0.5740267466
         ],
         [
            -0.277166368,
            -0.550384174,
            0.7875633724
         ]
      ],
      "T":[
         [
            -289.4248087511
         ],
         [
            628.3493515138
         ],
         [
            223.0039749267
         ]
      ]
   },
   {
      "id":5,
      "cameraMatrix":[
         [
            1770.951617408,
            0.0,
            720.2785322842
         ],
         [
            0.0,
            1772.2777683403,
            502.8985157306
         ],
         [
            0.0,
            0.0,
            1.0
         ]
      ],
      "distCoeffs":[
         [
            -0.4869385456,
            0.260483977,
            0.0013620376,
            0.0004942617,
            -0.0481215952
         ]
      ],
      "R":[
         [
            0.0200307606,
            0.9326064356,
            0.3603387364
         ],
         [
            -0.9326231566,
            0.1473096769,
            -0.3294144911
         ],
         [
            -0.3602954571,
            -0.329461827,
            0.8727210827
         ]
      ],
      "T":[
         [
            -404.985495749
         ],
         [
            356.2907833403
         ],
         [
            118.9883202156
         ]
      ]
   }
]