[
   {
      "id":1,
      "cameraMatrix":[
         [
            1783.8004673866,
            0.0,
            749.6422456115
         ],
         [
            0.0,
            1786.8529373442,
            520.9170659766
         ],
         [
            0.0,
            0.0,
            1.0
         ]
      ],
      "distCoeffs":[
         [
            -0.5130057945,
            0.4307663732,
            -0.0016746693,
            0.0000672811,
            -0.4346122073
         ]
      ],
      "R":[
         [
            1.0,
            0.0,
            0.0
         ],
         [
            0.0,
            1.0,
            0.0
         ],
         [
            0.0,
            0.0,
            1.0
         ]
      ],
      "T":[
         [
            0.0
         ],
         [
            0.0
         ],
         [
            0.0
         ]
      ]
   },
   {
      "id":2,
      "cameraMatrix":[
         [
            1787.6505525797,
            0.0,
            726.5221299774
         ],
         [
            0.0,
            1790.8102488892,
            529.3075425002
         ],
         [
            0.0,
            0.0,
            1.0
         ]
      ],
      "distCoeffs":[
         [
            -0.5129858789,
            0.4156986402,
            -0.0019167682,
            0.0011479653,
            -0.3666639041
         ]
      ],
      "R":[
         [
            0.7204408421,
            -0.6494143117,
            -0.2433640171
         ],
         [
            0.6544975799,
            0.7527157354,
            -0.0710769975
         ],
         [
            0.2293423446,
            -0.1080743883,
            0.9673272536
         ]
      ],
      "T":[
         [
            276.6659245025
         ],
         [
            111.2512296755
         ],
         [
            38.76844764
         ]
      ]
   },
   {
      "id":3,
      "cameraMatrix":[
         [
            1787.9567223243,
            0.0,
            717.7023379598
         ],
         [
            0.0,
            1791.1007887659,
            532.4238755179
         ],
         [
            0.0,
            0.0,
            1.0
         ]
      ],
      "distCoeffs":[
         [
            -0.5060156949,
            0.3556528127,
            -0.0010351671,
            -0.0007749415,
            -0.2164562802
         ]
      ],
      "R":[
         [
            -0.7333172812,
            -0.6378432096,
            -0.2353758806
         ],
         [
            0.6411810385,
            -0.5336609438,
            -0.551446165
         ],
         [
            0.2261252772,
            -0.555303554,
            0.8003157639
         ]
      ],
      "T":[
         [
            260.5442717964
         ],
         [
            659.7409416925
         ],
         [
            222.2422980409
         ]
      ]
   },
   {
      "id":4,
      "cameraMatrix":[
         [
            1783.6956095407,
            0.0,
            725.6968846902
         ],
         [
            0.0,
            1787.2270987639,
            535.997854667
         ],
         [
            0.0,
            0.0,
            1.0
         ]
      ],
      "distCoeffs":[
         [
            -0.5086663218,
            0.3757944886,
            0.0004859947,
            -0.0000521607,
            -0.2720697022
         ]
      ],
      "R":[
         [
            -0.7021122284,
            0.6715732691,
            0.236701844
         ],
         [
            -0.6616919629,
            -0.4925334023,
            -0.5653092904
         ],
         [
            -0.2630630436,
            -0.5535342735,
            0.7901883593
         ]
      ],
      "T":[
         [
            -290.0097707972
         ],
         [
            628.5432381848
         ],
         [
            225.0041358748
         ]
      ]
   },
   {
      "id":5,
      "cameraMatrix":[
         [
            1780.6072309557,
            0.0,
            722.0565175354
         ],
         [
            0.0,
            1784.3169310059,
            513.1249769215
         ],
         [
            0.0,
            0.0,
            1.0
         ]
      ],
      "distCoeffs":[
         [
            -0.514774112,
            0.4120809698,
            -0.0004141977,
            0.000351008,
            -0.3340472914
         ]
      ],
      "R":[
         [
            0.0224333518,
            0.9316780523,
            0.3625917147
         ],
         [
            -0.9357415663,
            0.1472539462,
            -0.3204746424
         ],
         [
            -0.3519722515,
            -0.3321028187,
            0.8751132795
         ]
      ],
      "T":[
         [
            -407.9296872301
         ],
         [
            357.1046735144
         ],
         [
            128.6972550479
         ]
      ]
   }
]