[
   {
      "id":1,
      "cameraMatrix":[
         [
            1738.9704749807,
            0.0,
            730.1954811896
         ],
         [
            0.0,
            1741.5580704693,
            509.5279661464
         ],
         [
            0.0,
            0.0,
            1.0
         ]
      ],
      "distCoeffs":[
         [
            -0.5042800881,
            0.380091547,
            -0.0014607175,
            -0.0000038022,
            -0.3020740131
         ]
      ],
      "R":[
         [
            1.0,
            0.0,
            0.0
         ],
         [
            0.0,
            1.0,
            0.0
         ],
         [
            0.0,
            0.0,
            1.0
         ]
      ],
      "T":[
         [
            0.0
         ],
         [
            0.0
         ],
         [
            0.0
         ]
      ]
   },
   {
      "id":2,
      "cameraMatrix":[
         [
            1742.0781641371,
            0.0,
            705.0718647776
         ],
         [
            0.0,
            1745.656957458,
            515.0634630161
         ],
         [
            0.0,
            0.0,
            1.0
         ]
      ],
      "distCoeffs":[
         [
            -0.4971462921,
            0.3105223162,
            -0.0009786577,
            0.0012691788,
            -0.111570749
         ]
      ],
      "R":[
         [
            0.7206398855,
            -0.649569067,
            -0.2423596143
         ],
         [
            0.6545024279,
            0.7526955319,
            -0.0712461099
         ],
         [
            0.2287022679,
            -0.1072821675,
            0.9675669533
         ]
      ],
      "T":[
         [
            277.0298384664
         ],
         [
            112.3945276398
         ],
         [
            38.0983351082
         ]
      ]
   },
   {
      "id":3,
      "cameraMatrix":[
         [
            1743.5575202434,
            0.0,
            696.3126878329
         ],
         [
            0.0,
            1746.7923869798,
            523.1912896113
         ],
         [
            0.0,
            0.0,
            1.0
         ]
      ],
      "distCoeffs":[
         [
            -0.5044119506,
            0.3565730059,
            -0.0011525049,
            -0.0008786794,
            -0.2122055552
         ]
      ],
      "R":[
         [
            -0.7324732152,
            -0.6403952471,
            -0.2310344486
         ],
         [
            0.6400327711,
            -0.532086863,
            -0.5542938049
         ],
         [
            0.2320367232,
            -0.5538749838,
            0.79961332
         ]
      ],
      "T":[
         [
            258.6443678552
         ],
         [
            660.0086896093
         ],
         [
            222.5295239558
         ]
      ]
   },
   {
      "id":4,
      "cameraMatrix":[
         [
            1739.4409789547,
            0.0,
            704.5438494569
         ],
         [
            0.0,
            1743.0716445728,
            526.7542095109
         ],
         [
            0.0,
            0.0,
            1.0
         ]
      ],
      "distCoeffs":[
         [
            -0.5037680732,
            0.3648513388,
            0.0002271284,
            0.0000064117,
            -0.2548179117
         ]
      ],
      "R":[
         [
            -0.7022983673,
            0.6706035383,
            0.2388888813
         ],
         [
            -0.6610067341,
            -0.4897128916,
            -0.5685520041
         ],
         [
            -0.2642860208,
            -0.5572003034,
            0.787198019
         ]
      ],
      "T":[
         [
            -289.5700259773
         ],
         [
            629.9381586435
         ],
         [
            228.3227338926
         ]
      ]
   },
   {
      "id":5,
      "cameraMatrix":[
         [
            1736.2717754246,
            0.0,
            701.6539093299
         ],
         [
            0.0,
            1739.944260592,
            504.1526248811
         ],
         [
            0.0,
            0.0,
            1.0
         ]
      ],
      "distCoeffs":[
         [
            -0.5171731954,
            0.4495772916,
            -0.0006108911,
            0.0003137723,
            -0.4310360298
         ]
      ],
      "R":[
         [
            0.0219252346,
            0.9313755605,
            0.3633990222
         ],
         [
            -0.9352236938,
            0.1475859782,
            -0.3218307345
         ],
         [
            -0.3533778809,
            -0.3328031615,
            0.8742803492
         ]
      ],
      "T":[
         [
            -406.829172144
         ],
         [
            357.3209427441
         ],
         [
            129.1320180386
         ]
      ]
   }
]