[
   {
      "id":1,
      "cameraMatrix":[
         [
            1784.1943751884,
            0.0,
            749.1850431451
         ],
         [
            0.0,
            1786.8492640336,
            522.7788190077
         ],
         [
            0.0,
            0.0,
            1.0
         ]
      ],
      "distCoeffs":[
         [
            -0.5042800881,
            0.380091547,
            -0.0014607175,
            -0.0000038022,
            -0.3020740131
         ]
      ],
      "R":[
         [
            1.0,
            0.0000012959,
            -0.0000003089
         ],
         [
            -0.0000012959,
            0.9999999999,
            -0.0000100953
         ],
         [
            0.0000003089,
            0.0000100953,
            0.9999999999
         ]
      ],
      "T":[
         [
            0.00000506
         ],
         [
            -0.0000291138
         ],
         [
            0.0002479161
         ]
      ]
   },
   {
      "id":2,
      "cameraMatrix":[
         [
            1787.3828833273,
            0.0,
            723.4080585835
         ],
         [
            0.0,
            1791.0547472289,
            528.4582727539
         ],
         [
            0.0,
            0.0,
            1.0
         ]
      ],
      "distCoeffs":[
         [
            -0.4971462921,
            0.3105223162,
            -0.0009786577,
            0.0012691788,
            -0.111570749
         ]
      ],
      "R":[
         [
            0.7206277598,
            -0.6494430002,
            -0.2427332309
         ],
         [
            0.6543834465,
            0.7527867238,
            -0.0713754405
         ],
         [
            0.2290806338,
            -0.1074054844,
            0.9674637591
         ]
      ],
      "T":[
         [
            276.449953787
         ],
         [
            112.1119142117
         ],
         [
            38.111460481
         ]
      ]
   },
   {
      "id":3,
      "cameraMatrix":[
         [
            1788.9007117676,
            0.0,
            714.4210893043
         ],
         [
            0.0,
            1792.2197048837,
            536.7974727014
         ],
         [
            0.0,
            0.0,
            1.0
         ]
      ],
      "distCoeffs":[
         [
            -0.5044119506,
            0.3565730059,
            -0.0011525049,
            -0.0008786794,
            -0.2122055552
         ]
      ],
      "R":[
         [
            -0.7325432257,
            -0.6400060383,
            -0.2318893991
         ],
         [
            0.6399481268,
            -0.5313527757,
            -0.5550951475
         ],
         [
            0.2320491703,
            -0.5550283765,
            0.7988095417
         ]
      ],
      "T":[
         [
            258.6065890001
         ],
         [
            658.5213864578
         ],
         [
            222.6177471236
         ]
      ]
   },
   {
      "id":4,
      "cameraMatrix":[
         [
            1784.6771151521,
            0.0,
            722.8663116253
         ],
         [
            0.0,
            1788.4022003489,
            540.4530503755
         ],
         [
            0.0,
            0.0,
            1.0
         ]
      ],
      "distCoeffs":[
         [
            -0.5037680732,
            0.3648513388,
            0.0002271284,
            0.0000064117,
            -0.2548179117
         ]
      ],
      "R":[
         [
            -0.7023449838,
            0.670458029,
            0.2391601035
         ],
         [
            -0.660603391,
            -0.4887505161,
            -0.5698474294
         ],
         [
            -0.2651691603,
            -0.5582194589,
            0.7861783208
         ]
      ],
      "T":[
         [
            -288.8592445046
         ],
         [
            629.075315081
         ],
         [
            228.6192342554
         ]
      ]
   },
   {
      "id":5,
      "cameraMatrix":[
         [
            1781.4254928885,
            0.0,
            719.9012153264
         ],
         [
            0.0,
            1785.1934851994,
            517.263685894
         ],
         [
            0.0,
            0.0,
            1.0
         ]
      ],
      "distCoeffs":[
         [
            -0.5171731954,
            0.4495772916,
            -0.0006108911,
            0.0003137723,
            -0.4310360298
         ]
      ],
      "R":[
         [
            0.0218924629,
            0.9310266682,
            0.3642939241
         ],
         [
            -0.9348070706,
            0.148259843,
            -0.3227301656
         ],
         [
            -0.3544805508,
            -0.3334791778,
            0.8735760855
         ]
      ],
      "T":[
         [
            -406.3369750842
         ],
         [
            356.9952490594
         ],
         [
            129.4650856461
         ]
      ]
   }
]