[
   {
      "id":1,
      "cameraMatrix":[
         [
            1790.9082779847,
            0.0,
            750.0237976112
         ],
         [
            0.0,
            1788.9350435111,
            527.2140909162
         ],
         [
            0.0,
            0.0,
            1.0
         ]
      ],
      "distCoeffs":[
         [
            -0.4978428258,
            0.3152441643,
            -0.0019287058,
            -0.0000074828,
            -0.208046322
         ]
      ],
      "R":[
         [
            1.0,
            -0.0000005677,
            0.0000007454
         ],
         [
            0.0000005677,
            1.0,
            -0.0000006772
         ],
         [
            -0.0000007454,
            0.0000006772,
            1.0
         ]
      ],
      "T":[
         [
            0.0000104507
         ],
         [
            0.0000055073
         ],
         [
            -0.0000019897
         ]
      ]
   },
   {
      "id":2,
      "cameraMatrix":[
         [
            1794.9721281755,
            0.0,
            734.219876518
         ],
         [
            0.0,
            1793.6040802196,
            530.2916879471
         ],
         [
            0.0,
            0.0,
            1.0
         ]
      ],
      "distCoeffs":[
         [
            -0.5015974884,
            0.346493812,
            -0.0013290491,
            0.0000146319,
            -0.2717050009
         ]
      ],
      "R":[
         [
            0.7193477953,
            -0.6495753513,
            -0.2461516044
         ],
         [
            0.6555301559,
            0.7520255249,
            -0.0688318574
         ],
         [
            0.2298237675,
            -0.1118457547,
            0.9667841347
         ]
      ],
      "T":[
         [
            275.4211583746
         ],
         [
            111.9042031624
         ],
         [
            39.1681352138
         ]
      ]
   },
   {
      "id":3,
      "cameraMatrix":[
         [
            1794.5812643238,
            0.0,
            719.5629092692
         ],
         [
            0.0,
            1792.4518941773,
            542.8089215349
         ],
         [
            0.0,
            0.0,
            1.0
         ]
      ],
      "distCoeffs":[
         [
            -0.5051968799,
            0.3642621306,
            -0.0019296842,
            -0.0008898311,
            -0.3493618411
         ]
      ],
      "R":[
         [
            -0.7335292231,
            -0.63831294,
            -0.2334340795
         ],
         [
            0.640527626,
            -0.5343873401,
            -0.5515020681
         ],
         [
            0.2272866896,
            -0.5540638603,
            0.8008458025
         ]
      ],
      "T":[
         [
            257.9089025997
         ],
         [
            657.4975754454
         ],
         [
            220.5222409073
         ]
      ]
   },
   {
      "id":4,
      "cameraMatrix":[
         [
            1790.8032594803,
            0.0,
            727.6070215492
         ],
         [
            0.0,
            1789.3691978785,
            544.1869192156
         ],
         [
            0.0,
            0.0,
            1.0
         ]
      ],
      "distCoeffs":[
         [
            -0.5053331609,
            0.3661307013,
            0.0001102783,
            0.0000077585,
            -0.3367210163
         ]
      ],
      "R":[
         [
            -0.7016724988,
            0.6724666936,
            0.2354660281
         ],
         [
            -0.6614279831,
            -0.4919125619,
            -0.5661581533
         ],
         [
            -0.2648938043,
            -0.5530014262,
            0.7899498054
         ]
      ],
      "T":[
         [
            -289.4984609942
         ],
         [
            628.5470306474
         ],
         [
            225.1374659518
         ]
      ]
   },
   {
      "id":5,
      "cameraMatrix":[
         [
            1787.4635031016,
            0.0,
            725.5359550041
         ],
         [
            0.0,
            1785.6476850447,
            520.9253256903
         ],
         [
            0.0,
            0.0,
            1.0
         ]
      ],
      "distCoeffs":[
         [
            -0.5175935518,
            0.4844894406,
            -0.0008042254,
            0.0000552464,
            -0.6991669354
         ]
      ],
      "R":[
         [
            0.0234551598,
            0.9331730146,
            0.3586613728
         ],
         [
            -0.935972188,
            0.1465617235,
            -0.3201182976
         ],
         [
            -0.3512917858,
            -0.328188644,
            0.8768616169
         ]
      ],
      "T":[
         [
            -405.8475409887
         ],
         [
            356.1459901035
         ],
         [
            125.9962481109
         ]
      ]
   }
]