[
   {
      "id":1,
      "cameraMatrix":[
         [
            1784.3251605162,
            0.0,
            746.9415777379
         ],
         [
            0.0,
            1787.9681100217,
            507.0940576305
         ],
         [
            0.0,
            0.0,
            1.0
         ]
      ],
      "distCoeffs":[
         [
            -0.4989883755,
            0.3128337302,
            -0.0014536308,
            -0.0000051148,
            -0.0940136041
         ]
      ],
      "R":[
         [
            1.0,
            0.0,
            0.0
         ],
         [
            0.0,
            1.0,
            0.0
         ],
         [
            0.0,
            0.0,
            1.0
         ]
      ],
      "T":[
         [
            0.0
         ],
         [
            0.0
         ],
         [
            0.0
         ]
      ]
   },
   {
      "id":2,
      "cameraMatrix":[
         [
            1788.8869785479,
            0.0,
            727.2899128942
         ],
         [
            0.0,
            1792.9426259777,
            530.9688244861
         ],
         [
            0.0,
            0.0,
            1.0
         ]
      ],
      "distCoeffs":[
         [
            -0.4951929651,
            0.2862109539,
            -0.0009652979,
            0.0008191928,
            -0.0435963627
         ]
      ],
      "R":[
         [
            0.7210569722,
            -0.6692516673,
            -0.1793851965
         ],
         [
            0.665686246,
            0.7409565613,
            -0.0885731117
         ],
         [
            0.192194341,
            -0.0555479984,
            0.9797835246
         ]
      ],
      "T":[
         [
            279.3294895667
         ],
         [
            112.9532247605
         ],
         [
            32.1649589856
         ]
      ]
   },
   {
      "id":3,
      "cameraMatrix":[
         [
            1790.1246280851,
            0.0,
            718.3359125194
         ],
         [
            0.0,
            1793.5299844688,
            532.3270522435
         ],
         [
            0.0,
            0.0,
            1.0
         ]
      ],
      "distCoeffs":[
         [
            -0.5059052974,
            0.3684068644,
            -0.0007659554,
            -0.001047991,
            -0.2451920956
         ]
      ],
      "R":[
         [
            -0.733070364,
            -0.6588867592,
            -0.1687485703
         ],
         [
            0.648130983,
            -0.6014848904,
            -0.4670569082
         ],
         [
            0.2062378973,
            -0.4517567545,
            0.8679756705
         ]
      ],
      "T":[
         [
            261.7010831898
         ],
         [
            671.9010001034
         ],
         [
            198.2994921948
         ]
      ]
   },
   {
      "id":4,
      "cameraMatrix":[
         [
            1784.7308074134,
            0.0,
            719.1994656616
         ],
         [
            0.0,
            1788.9213358573,
            538.3282992342
         ],
         [
            0.0,
            0.0,
            1.0
         ]
      ],
      "distCoeffs":[
         [
            -0.5027450193,
            0.3608336549,
            0.0005105622,
            0.0003624758,
            -0.2450854
         ]
      ],
      "R":[
         [
            -0.7039159097,
            0.6886422468,
            0.1739949656
         ],
         [
            -0.6708720273,
            -0.5641362497,
            -0.4813325408
         ],
         [
            -0.233309055,
            -0.4555459886,
            0.8590953016
         ]
      ],
      "T":[
         [
            -291.67443288
         ],
         [
            645.2790025146
         ],
         [
            199.7959315538
         ]
      ]
   },
   {
      "id":5,
      "cameraMatrix":[
         [
            1782.8542134146,
            0.0,
            724.3141980612
         ],
         [
            0.0,
            1786.6771201155,
            525.5920401468
         ],
         [
            0.0,
            0.0,
            1.0
         ]
      ],
      "distCoeffs":[
         [
            -0.5256518757,
            0.5299405128,
            -0.0010840094,
            0.0000136899,
            -0.6475777746
         ]
      ],
      "R":[
         [
            0.0231817429,
            0.961263845,
            0.2746532852
         ],
         [
            -0.9563913616,
            0.1013364126,
            -0.2739461532
         ],
         [
            -0.2911669112,
            -0.2563254802,
            0.9216935923
         ]
      ],
      "T":[
         [
            -412.4557788509
         ],
         [
            367.7826683789
         ],
         [
            106.1013391543
         ]
      ]
   }
]