[
   {
      "id":1,
      "cameraMatrix":[
         [
            1785.6360001008,
            0.0,
            750.3313016443
         ],
         [
            0.0,
            1789.0510781053,
            501.5033022708
         ],
         [
            0.0,
            0.0,
            1.0
         ]
      ],
      "distCoeffs":[
         [
            -0.4963619709,
            0.3099050274,
            -0.0003926594,
            -0.0002614603,
            -0.1152500667
         ]
      ],
      "R":[
         [
            1.0,
            0.0,
            0.0
         ],
         [
            0.0,
            1.0,
            0.0
         ],
         [
            0.0,
            0.0,
            1.0
         ]
      ],
      "T":[
         [
            0.0
         ],
         [
            0.0
         ],
         [
            0.0
         ]
      ]
   },
   {
      "id":2,
      "cameraMatrix":[
         [
            1791.1855401246,
            0.0,
            738.5839791618
         ],
         [
            0.0,
            1795.4178333387,
            522.3488437609
         ],
         [
            0.0,
            0.0,
            1.0
         ]
      ],
      "distCoeffs":[
         [
            -0.4981004534,
            0.322784132,
            0.0003333003,
            0.000299181,
            -0.1664419127
         ]
      ],
      "R":[
         [
            0.7231748659,
            -0.6472361488,
            -0.2410466365
         ],
         [
            0.6403805878,
            0.7590924293,
            -0.1170101986
         ],
         [
            0.2587099072,
            -0.0697427521,
            0.9634340312
         ]
      ],
      "T":[
         [
            276.0462551595
         ],
         [
            107.180720402
         ],
         [
            43.8557967409
         ]
      ]
   },
   {
      "id":3,
      "cameraMatrix":[
         [
            1789.1334893365,
            0.0,
            725.6670846963
         ],
         [
            0.0,
            1792.7702013747,
            534.386188274
         ],
         [
            0.0,
            0.0,
            1.0
         ]
      ],
      "distCoeffs":[
         [
            -0.5074129811,
            0.4030332893,
            -0.0003557172,
            -0.0015507575,
            -0.3828970405
         ]
      ],
      "R":[
         [
            -0.7278134449,
            -0.6439166843,
            -0.2359213708
         ],
         [
            0.6281670603,
            -0.4879639839,
            -0.6060505711
         ],
         [
            0.2751249423,
            -0.5892897879,
            0.7596339987
         ]
      ],
      "T":[
         [
            262.2711841872
         ],
         [
            636.4378671888
         ],
         [
            269.2799017193
         ]
      ]
   },
   {
      "id":4,
      "cameraMatrix":[
         [
            1785.8853648813,
            0.0,
            739.0129484717
         ],
         [
            0.0,
            1790.231080825,
            537.8043322393
         ],
         [
            0.0,
            0.0,
            1.0
         ]
      ],
      "distCoeffs":[
         [
            -0.5053782478,
            0.3794019313,
            0.0010118076,
            -0.0010020735,
            -0.2886429791
         ]
      ],
      "R":[
         [
            -0.7039607458,
            0.6721574607,
            0.2294419674
         ],
         [
            -0.654608839,
            -0.488702383,
            -0.5767644655
         ],
         [
            -0.2755477023,
            -0.5562142832,
            0.784027509
         ]
      ],
      "T":[
         [
            -290.9329993898
         ],
         [
            628.6415184734
         ],
         [
            232.8226625469
         ]
      ]
   },
   {
      "id":5,
      "cameraMatrix":[
         [
            1781.6375242358,
            0.0,
            730.5724627137
         ],
         [
            0.0,
            1785.8203537805,
            516.3382086683
         ],
         [
            0.0,
            0.0,
            1.0
         ]
      ],
      "distCoeffs":[
         [
            -0.514678448,
            0.4462378685,
            -0.0000114368,
            -0.0004966452,
            -0.4472509951
         ]
      ],
      "R":[
         [
            0.0181458069,
            0.9330045729,
            0.3594067286
         ],
         [
            -0.9402841651,
            0.1381292842,
            -0.3111044674
         ],
         [
            -0.3399064849,
            -0.3322992142,
            0.8797958933
         ]
      ],
      "T":[
         [
            -406.9481873225
         ],
         [
            360.5927499393
         ],
         [
            123.9798405609
         ]
      ]
   }
]