[
   {
      "id":1,
      "cameraMatrix":[
         [
            1785.6288221966,
            0.0,
            750.252719087
         ],
         [
            0.0,
            1789.0443836296,
            501.5365901839
         ],
         [
            0.0,
            0.0,
            1.0
         ]
      ],
      "distCoeffs":[
         [
            -0.4962795138,
            0.3090361234,
            -0.0004042647,
            -0.0002544365,
            -0.111987879
         ]
      ],
      "R":[
         [
            1.0,
            0.0,
            0.0
         ],
         [
            0.0,
            1.0,
            0.0
         ],
         [
            0.0,
            0.0,
            1.0
         ]
      ],
      "T":[
         [
            0.0
         ],
         [
            0.0
         ],
         [
            0.0
         ]
      ]
   },
   {
      "id":2,
      "cameraMatrix":[
         [
            1791.1618656754,
            0.0,
            738.6025664484
         ],
         [
            0.0,
            1795.4060713737,
            522.3756692529
         ],
         [
            0.0,
            0.0,
            1.0
         ]
      ],
      "distCoeffs":[
         [
            -0.4980960947,
            0.324103139,
            0.0003251518,
            0.0002891943,
            -0.1717195666
         ]
      ],
      "R":[
         [
            0.723084769,
            -0.6472943761,
            -0.2411605429
         ],
         [
            0.6403918344,
            0.7590493285,
            -0.1172280488
         ],
         [
            0.2589338049,
            -0.0696714258,
            0.9633790413
         ]
      ],
      "T":[
         [
            276.1205472812
         ],
         [
            107.350699542
         ],
         [
            43.785428427
         ]
      ]
   },
   {
      "id":3,
      "cameraMatrix":[
         [
            1789.2240947992,
            0.0,
            725.8480789311
         ],
         [
            0.0,
            1792.8174868816,
            534.3494967985
         ],
         [
            0.0,
            0.0,
            1.0
         ]
      ],
      "distCoeffs":[
         [
            -0.5074514702,
            0.4013228281,
            -0.0003405684,
            -0.0015468015,
            -0.3758955355
         ]
      ],
      "R":[
         [
            -0.727851224,
            -0.6439108299,
            -0.235820777
         ],
         [
            0.6281108408,
            -0.4880364312,
            -0.6060505041
         ],
         [
            0.2751533527,
            -0.5892361878,
            0.7596652865
         ]
      ],
      "T":[
         [
            262.1317374061
         ],
         [
            636.4764001185
         ],
         [
            269.200046973
         ]
      ]
   },
   {
      "id":4,
      "cameraMatrix":[
         [
            1785.9262617175,
            0.0,
            739.0101957732
         ],
         [
            0.0,
            1790.2556054834,
            537.8473715891
         ],
         [
            0.0,
            0.0,
            1.0
         ]
      ],
      "distCoeffs":[
         [
            -0.5051717062,
            0.377056071,
            0.0010145791,
            -0.0009942514,
            -0.2810435657
         ]
      ],
      "R":[
         [
            -0.7039375572,
            0.6721913836,
            0.2294137297
         ],
         [
            -0.6546792135,
            -0.4888120538,
            -0.5765916263
         ],
         [
            -0.2754397267,
            -0.556076901,
            0.7841628894
         ]
      ],
      "T":[
         [
            -290.8879125605
         ],
         [
            628.5408942573
         ],
         [
            232.6975677406
         ]
      ]
   },
   {
      "id":5,
      "cameraMatrix":[
         [
            1781.7043226342,
            0.0,
            730.6549511324
         ],
         [
            0.0,
            1785.8698254982,
            516.5106765987
         ],
         [
            0.0,
            0.0,
            1.0
         ]
      ],
      "distCoeffs":[
         [
            -0.515243581,
            0.4507763922,
            -0.0000185896,
            -0.0004877754,
            -0.4589598238
         ]
      ],
      "R":[
         [
            0.0182095741,
            0.9330565603,
            0.3592685161
         ],
         [
            -0.9403141953,
            0.138108886,
            -0.3110227479
         ],
         [
            -0.3398199899,
            -0.3321616938,
            0.8798812327
         ]
      ],
      "T":[
         [
            -406.8879338731
         ],
         [
            360.4881111716
         ],
         [
            123.8018671306
         ]
      ]
   }
]