%YAML:1.0
calibration_time: "Tue Jan 12 15:27:31 2016"
image_width: 640
image_height: 480
board_width: 9
board_height: 6
square_size: 2.3749999701976776e-02
flags: 0
camera_matrix: !!opencv-matrix
   rows: 3
   cols: 3
   dt: d
   data: [ 1538.3180427888, 0., 337.6490459544, 0.,
       1535.8209475752, 242.1996651947, 0., 0., 1. ]
distortion_coefficients: !!opencv-matrix
   rows: 5
   cols: 1
   dt: d
   data: [ -0.0883893199, 1.6732639483,
       -0.0001938646, 0.0019556113,
       -44.5968142054 ]
avg_reprojection_error: 0.0840394334
