%YAML:1.0
calibration_time: "Tue Jan 12 15:27:31 2016"
image_width: 1456
image_height: 1088
board_width: 9
board_height: 6
square_size: 2.3749999701976776e-02
flags: 0
camera_matrix: !!opencv-matrix
   rows: 3
   cols: 3
   dt: d
   data: [ 1783.378598454, 0.0, 747.9138100432, 0.,
       1786.639921084, 523.1882159542, 0., 0., 1. ]
distortion_coefficients: !!opencv-matrix
   rows: 5
   cols: 1
   dt: d
   data: [ -0.5035844598,
            0.3694695325,
            -0.0015015473,
            0.0002104409,
            -0.2593308263 ]
avg_reprojection_error: 0.0840394334
