%YAML:1.0
---
aruco_bc_dict: TAG16h5
aruco_bc_nmarkers: 11
aruco_bc_mInfoType: 1
aruco_bc_markers:
   - { id:11, corners:[ [ 1.0332654230296612e-02,
       -3.1234150752425194e-02, -6.7674331367015839e-03 ], [
       2.0569007843732834e-02, -4.5283231884241104e-02,
       -3.4818109124898911e-02 ], [ -1.0803082026541233e-02,
       -4.9777805805206299e-02, -4.4015433639287949e-02 ], [
       -2.1039433777332306e-02, -3.5728726536035538e-02,
       -1.5964757651090622e-02 ] ] }
   - { id:12, corners:[ [ 4.0583208203315735e-02, 8.6203655228018761e-03,
       -1.5784461051225662e-02 ], [ 5.0668962299823761e-02,
       -5.3874365985393524e-03, -4.3910235166549683e-02 ], [
       3.6706045269966125e-02, -3.3847846090793610e-02,
       -3.4742791205644608e-02 ], [ 2.6620293036103249e-02,
       -1.9840044900774956e-02, -6.6170189529657364e-03 ] ] }
   - { id:13, corners:[ [ -1.6499999910593033e-02,
       1.6499999910593033e-02, 0. ], [ 1.6499999910593033e-02,
       1.6499999910593033e-02, 0. ], [ 1.6499999910593033e-02,
       -1.6499999910593033e-02, 0. ], [ -1.6499999910593033e-02,
       -1.6499999910593033e-02, 0. ] ] }
   - { id:14, corners:[ [ -5.1307659596204758e-02,
       -5.2426937036216259e-03, -4.3445423245429993e-02 ], [
       -4.0946871042251587e-02, 8.9397691190242767e-03,
       -1.5507785603404045e-02 ], [ -2.6832964271306992e-02,
       -1.9443750381469727e-02, -6.3331741839647293e-03 ], [
       -3.7193752825260162e-02, -3.3626213669776917e-02,
       -3.4270815551280975e-02 ] ] }
   - { id:15, corners:[ [ -1.5304228290915489e-02,
       -2.7482837438583374e-02, -8.6695753037929535e-02 ], [
       -4.1968800127506256e-02, -1.8500238656997681e-02,
       -6.9452971220016479e-02 ], [ -3.3376455307006836e-02,
       -3.9309352636337280e-02, -4.5325137674808502e-02 ], [
       -6.7118853330612183e-03, -4.8291951417922974e-02,
       -6.2567919492721558e-02 ] ] }
   - { id:16, corners:[ [ 4.1391819715499878e-02,
       -1.8417954444885254e-02, -6.9488324224948883e-02 ], [
       1.4581466093659401e-02, -2.7196995913982391e-02,
       -8.6609452962875366e-02 ], [ 6.0851890593767166e-03,
       -4.8141889274120331e-02, -6.2565229833126068e-02 ], [
       3.2895542681217194e-02, -3.9362847805023193e-02,
       -4.5444101095199585e-02 ] ] }
   - { id:17, corners:[ [ -2.7152478694915771e-02,
       1.9724991172552109e-02, -8.4704488515853882e-02 ], [
       -3.7358600646257401e-02, 3.3826224505901337e-02,
       -5.6668967008590698e-02 ], [ -5.1295168697834015e-02,
       5.3752865642309189e-03, -4.7432292252779007e-02 ], [
       -4.1089046746492386e-02, -8.7259477004408836e-03,
       -7.5467810034751892e-02 ] ] }
   - { id:18, corners:[ [ 1.6056673601269722e-02, 1.5600994229316711e-02,
       -9.1811373829841614e-02 ], [ -1.6937075182795525e-02,
       1.5945676714181900e-02, -9.1269418597221375e-02 ], [
       -1.7277365550398827e-02, -1.7051465809345245e-02,
       -9.0999782085418701e-02 ], [ 1.5716383233666420e-02,
       -1.7396148294210434e-02, -9.1541737318038940e-02 ] ] }
   - { id:19, corners:[ [ 3.6856938153505325e-02, 3.3729881048202515e-02,
       -5.6579560041427612e-02 ], [ 2.6339011266827583e-02,
       1.9803896546363831e-02, -8.4587424993515015e-02 ], [
       4.0268037468194962e-02, -8.7387347593903542e-03,
       -7.5626373291015625e-02 ], [ 5.0785966217517853e-02,
       5.1872483454644680e-03, -4.7618512064218521e-02 ] ] }
   - { id:20, corners:[ [ 6.1518885195255280e-03, 4.7476954758167267e-02,
       -2.8224229812622070e-02 ], [ 3.2711539417505264e-02,
       3.8945190608501434e-02, -4.5853577554225922e-02 ], [
       4.1763752698898315e-02, 1.7951577901840210e-02,
       -2.2055979818105698e-02 ], [ 1.5204101800918579e-02,
       2.6483342051506042e-02, -4.4266302138566971e-03 ] ] }
   - { id:21, corners:[ [ -3.3400751650333405e-02,
       3.8974560797214508e-02, -4.5431524515151978e-02 ], [
       -6.6524110734462738e-03, 4.7767609357833862e-02,
       -2.8220809996128082e-02 ], [ -1.5094221569597721e-02,
       2.6647932827472687e-02, -4.3106656521558762e-03 ], [
       -4.1842561215162277e-02, 1.7854884266853333e-02,
       -2.1521378308534622e-02 ] ] }
