%YAML:1.0
---
aruco_bc_dict: TAG36h11
aruco_bc_nmarkers: 11
aruco_bc_mInfoType: 1
aruco_bc_markers:
   - { id:11, corners:[ [ 2.3557920008897781e-02,
       -4.2169395834207535e-02, -2.8360871598124504e-02 ], [
       -2.9087918810546398e-03, -5.0998866558074951e-02,
       -4.5983403921127319e-02 ], [ -2.2619415074586868e-02,
       -3.9043087512254715e-02, -2.2370895370841026e-02 ], [
       3.8472958840429783e-03, -3.0213618651032448e-02,
       -4.7483611851930618e-03 ] ] }
   - { id:12, corners:[ [ 4.2166545987129211e-02,
       -1.8379792571067810e-02, -6.9233275949954987e-02 ], [
       1.5517275780439377e-02, -2.7333717793226242e-02,
       -8.6514577269554138e-02 ], [ 6.8970154970884323e-03,
       -4.8173874616622925e-02, -6.2423519790172577e-02 ], [
       3.3546287566423416e-02, -3.9219949394464493e-02,
       -4.5142218470573425e-02 ] ] }
   - { id:13, corners:[ [ 4.0784105658531189e-02, 8.3757070824503899e-03,
       -1.5793574973940849e-02 ], [ 5.1027506589889526e-02,
       -5.8195525780320168e-03, -4.3767981231212616e-02 ], [
       3.7013508379459381e-02, -3.4218568354845047e-02,
       -3.4488767385482788e-02 ], [ 2.6770109310746193e-02,
       -2.0023308694362640e-02, -6.5143611282110214e-03 ] ] }
   - { id:14, corners:[ [ -1.6499999910593033e-02,
       1.6499999910593033e-02, 0. ], [ 1.6499999910593033e-02,
       1.6499999910593033e-02, 0. ], [ 1.6499999910593033e-02,
       -1.6499999910593033e-02, 0. ], [ -1.6499999910593033e-02,
       -1.6499999910593033e-02, 0. ] ] }
   - { id:15, corners:[ [ -5.0627108663320541e-02,
       -5.5240616202354431e-03, -4.3767780065536499e-02 ], [
       -4.0627516806125641e-02, 8.5846688598394394e-03,
       -1.5661697834730148e-02 ], [ -2.6507120579481125e-02,
       -1.9782241433858871e-02, -6.4457971602678299e-03 ], [
       -3.6506712436676025e-02, -3.3890970051288605e-02,
       -3.4551881253719330e-02 ] ] }
   - { id:16, corners:[ [ -1.4532228000462055e-02,
       -2.7355913072824478e-02, -8.6395278573036194e-02 ], [
       -4.1311766952276230e-02, -1.8570262938737869e-02,
       -6.9229364395141602e-02 ], [ -3.2698009163141251e-02,
       -3.9402719587087631e-02, -4.5129328966140747e-02 ], [
       -5.9184692800045013e-03, -4.8188369721174240e-02,
       -6.2295243144035339e-02 ] ] }
   - { id:17, corners:[ [ -3.3008173108100891e-02,
       3.8591608405113220e-02, -4.5451007783412933e-02 ], [
       -6.2900725752115250e-03, 4.7244645655155182e-02,
       -2.8122760355472565e-02 ], [ -1.4929067343473434e-02,
       2.6144482195377350e-02, -4.2658764868974686e-03 ], [
       -4.1647166013717651e-02, 1.7491444945335388e-02,
       -2.1594125777482986e-02 ] ] }
   - { id:18, corners:[ [ -2.6342112571001053e-02,
       1.9394686445593834e-02, -8.4445506334304810e-02 ], [
       -3.6711417138576508e-02, 3.3356234431266785e-02,
       -5.6399956345558167e-02 ], [ -5.0625506788492203e-02,
       4.8355390317738056e-03, -4.7346338629722595e-02 ], [
       -4.0256202220916748e-02, -9.1260103508830070e-03,
       -7.5391888618469238e-02 ] ] }
   - { id:19, corners:[ [ 1.6727434471249580e-02, 1.5943558886647224e-02,
       -9.1311022639274597e-02 ], [ -1.6272244974970818e-02,
       1.5810882672667503e-02, -9.1252095997333527e-02 ], [
       -1.6139423474669456e-02, -1.7188748344779015e-02,
       -9.1169819235801697e-02 ], [ 1.6860255971550941e-02,
       -1.7056072130799294e-02, -9.1228745877742767e-02 ] ] }
   - { id:20, corners:[ [ 3.6916129291057587e-02, 3.3252380788326263e-02,
       -5.6755017489194870e-02 ], [ 2.6863690465688705e-02,
       1.9177688285708427e-02, -8.4859311580657959e-02 ], [
       4.0946394205093384e-02, -9.2183956876397133e-03,
       -7.5675643980503082e-02 ], [ 5.0998833030462265e-02,
       4.8562958836555481e-03, -4.7571346163749695e-02 ] ] }
   - { id:21, corners:[ [ 6.1507318168878555e-03, 4.7638680785894394e-02,
       -2.8687724843621254e-02 ], [ 3.2989419996738434e-02,
       3.8718268275260925e-02, -4.5690990984439850e-02 ], [
       4.1355311870574951e-02, 1.7847757786512375e-02,
       -2.1536624059081078e-02 ], [ 1.4516627416014671e-02,
       2.6768170297145844e-02, -4.5333560556173325e-03 ] ] }
