%YAML:1.0
---
aruco_bc_dict: TAG36h11
aruco_bc_nmarkers: 11
aruco_bc_mInfoType: 1
aruco_bc_markers:
   - { id:11, corners:[ [ -1.1095517314970493e-02,
       -3.0104886740446091e-02, -8.4947228431701660e-02 ], [
       -2.1596424281597137e-02, -4.5147769153118134e-02,
       -5.5140472948551178e-02 ], [ 1.1791163124144077e-02,
       -4.9876082688570023e-02, -4.5764327049255371e-02 ], [
       2.2292070090770721e-02, -3.4833200275897980e-02,
       -7.5571082532405853e-02 ] ] }
   - { id:12, corners:[ [ -4.1091404855251312e-02,
       1.0495644994080067e-02, -7.5032740831375122e-02 ], [
       -5.1725827157497406e-02, -4.6632667072117329e-03,
       -4.5332293957471848e-02 ], [ -3.6765724420547485e-02,
       -3.4693017601966858e-02, -5.5302724242210388e-02 ], [
       -2.6131302118301392e-02, -1.9534105435013771e-02,
       -8.5003167390823364e-02 ] ] }
   - { id:13, corners:[ [ 1.7062900587916374e-02, 1.8410868942737579e-02,
       -9.0412609279155731e-02 ], [ -1.7935311421751976e-02,
       1.8058471381664276e-02, -9.0382568538188934e-02 ], [
       -1.7582932487130165e-02, -1.6939748078584671e-02,
       -9.0406738221645355e-02 ], [ 1.7415279522538185e-02,
       -1.6587350517511368e-02, -9.0436778962612152e-02 ] ] }
   - { id:14, corners:[ [ 5.1543392241001129e-02,
       -4.1891387663781643e-03, -4.5864738523960114e-02 ], [
       4.0570352226495743e-02, 1.0711515322327614e-02,
       -7.5572699308395386e-02 ], [ 2.5596886873245239e-02,
       -1.9435221329331398e-02, -8.5162781178951263e-02 ], [
       3.6569926887750626e-02, -3.4335874021053314e-02,
       -5.5454820394515991e-02 ] ] }
   - { id:15, corners:[ [ 1.4482700265944004e-02,
       -2.5793468579649925e-02, -2.8114411979913712e-03 ], [
       4.2783357203006744e-02, -1.6585092991590500e-02,
       -2.1230958402156830e-02 ], [ 3.3528897911310196e-02,
       -3.8864556699991226e-02, -4.6588018536567688e-02 ], [
       5.2282419055700302e-03, -4.8072930425405502e-02,
       -2.8168503195047379e-02 ] ] }
   - { id:16, corners:[ [ -4.2663607746362686e-02,
       -1.6662854701280594e-02, -2.1138319745659828e-02 ], [
       -1.4304214157164097e-02, -2.5982132181525230e-02,
       -2.8655007481575012e-03 ], [ -5.2565671503543854e-03,
       -4.8281032592058182e-02, -2.8280047699809074e-02 ], [
       -3.3615961670875549e-02, -3.8961753249168396e-02,
       -4.6552866697311401e-02 ] ] }
   - { id:17, corners:[ [ 2.5776784867048264e-02, 2.0229233428835869e-02,
       -5.3479000926017761e-03 ], [ 3.6451641470193863e-02,
       3.5246528685092926e-02, -3.5105727612972260e-02 ], [
       5.1457528024911880e-02, 5.1802690140902996e-03,
       -4.4895693659782410e-02 ], [ 4.0782671421766281e-02,
       -9.8370248451828957e-03, -1.5137867070734501e-02 ] ] }
   - { id:18, corners:[ [ -1.7500000074505806e-02,
       1.7500000074505806e-02, 0. ], [ 1.7500000074505806e-02,
       1.7500000074505806e-02, 0. ], [ 1.7500000074505806e-02,
       -1.7500000074505806e-02, 0. ], [ -1.7500000074505806e-02,
       -1.7500000074505806e-02, 0. ] ] }
   - { id:19, corners:[ [ -3.6672085523605347e-02,
       3.5192597657442093e-02, -3.5102881491184235e-02 ], [
       -2.5808978825807571e-02, 2.0330145955085754e-02,
       -5.3354464471340179e-03 ], [ -4.0707252919673920e-02,
       -9.8418770357966423e-03, -1.4963040128350258e-02 ], [
       -5.1570359617471695e-02, 5.0205755978822708e-03,
       -4.4730477035045624e-02 ] ] }
   - { id:20, corners:[ [ -5.0321407616138458e-03,
       4.8698924481868744e-02, -6.2338542193174362e-02 ], [
       -3.3180437982082367e-02, 3.9563469588756561e-02,
       -4.3651197105646133e-02 ], [ -4.2635321617126465e-02,
       1.7174934968352318e-02, -6.8837672472000122e-02 ], [
       -1.4487026259303093e-02, 2.6310391724109650e-02,
       -8.7525025010108948e-02 ] ] }
   - { id:21, corners:[ [ 3.3347442746162415e-02, 3.9489328861236572e-02,
       -4.3705649673938751e-02 ], [ 4.9399062991142273e-03,
       4.8752591013908386e-02, -6.1932116746902466e-02 ], [
       1.3984792865812778e-02, 2.6464315131306648e-02,
       -8.7356962263584137e-02 ], [ 4.2392328381538391e-02,
       1.7201051115989685e-02, -6.9130495190620422e-02 ] ] }
