%YAML:1.0
---
aruco_bc_dict: TAG36h11
aruco_bc_nmarkers: 11
aruco_bc_mInfoType: 1
aruco_bc_markers:
   - { id:11, corners:[ [ 1.7470896244049072e-02,
       -3.2425250858068466e-02, -8.1009641289710999e-02 ], [
       -1.7528858035802841e-02, -3.2532192766666412e-02,
       -8.0933876335620880e-02 ], [ -1.7413243651390076e-02,
       -4.8198524862527847e-02, -4.9636069685220718e-02 ], [
       1.7586510628461838e-02, -4.8091582953929901e-02,
       -4.9711830914020538e-02 ] ] }
   - { id:12, corners:[ [ 1.7707431688904762e-02, 1.7434019595384598e-02,
       -9.0846762061119080e-02 ], [ -1.7292367294430733e-02,
       1.7470397055149078e-02, -9.0960271656513214e-02 ], [
       -1.7328916117548943e-02, -1.7529543489217758e-02,
       -9.0907305479049683e-02 ], [ 1.7670882865786552e-02,
       -1.7565920948982239e-02, -9.0793795883655548e-02 ] ] }
   - { id:13, corners:[ [ 5.1336072385311127e-02,
       -4.9093053676187992e-03, -4.5918628573417664e-02 ], [
       4.0673218667507172e-02, 9.8319854587316513e-03,
       -7.5818426907062531e-02 ], [ 2.5741182267665863e-02,
       -2.0346807315945625e-02, -8.5372209548950195e-02 ], [
       3.6404035985469818e-02, -3.5088099539279938e-02,
       -5.5472411215305328e-02 ] ] }
   - { id:14, corners:[ [ 1.4272032305598259e-02,
       -2.5998864322900772e-02, -2.8861649334430695e-03 ], [
       4.2612660676240921e-02, -1.6860522329807281e-02,
       -2.1279081702232361e-02 ], [ 3.3280707895755768e-02,
       -3.9052773267030716e-02, -4.6684172004461288e-02 ], [
       4.9400813877582550e-03, -4.8191115260124207e-02,
       -2.8291255235671997e-02 ] ] }
   - { id:15, corners:[ [ -4.2551189661026001e-02,
       -1.6689121723175049e-02, -2.1501585841178894e-02 ], [
       -1.4301866292953491e-02, -2.6044797152280807e-02,
       -3.0774958431720734e-03 ], [ -5.1399879157543182e-03,
       -4.8345543444156647e-02, -2.8449460864067078e-02 ], [
       -3.3389311283826828e-02, -3.8989868015050888e-02,
       -4.6873550862073898e-02 ] ] }
   - { id:16, corners:[ [ -4.0461778640747070e-02,
       1.0394206270575523e-02, -7.5955025851726532e-02 ], [
       -5.1371559500694275e-02, -4.4878944754600525e-03,
       -4.6214483678340912e-02 ], [ -3.6522313952445984e-02,
       -3.4674346446990967e-02, -5.5872540920972824e-02 ], [
       -2.5612534955143929e-02, -1.9792247563600540e-02,
       -8.5613079369068146e-02 ] ] }
   - { id:17, corners:[ [ -1.7500000074505806e-02,
       1.7500000074505806e-02, 0. ], [ 1.7500000074505806e-02,
       1.7500000074505806e-02, 0. ], [ 1.7500000074505806e-02,
       -1.7500000074505806e-02, 0. ], [ -1.7500000074505806e-02,
       -1.7500000074505806e-02, 0. ] ] }
   - { id:18, corners:[ [ -3.6201279610395432e-02,
       3.5088188946247101e-02, -3.5211972892284393e-02 ], [
       -2.5809051468968391e-02, 2.0143501460552216e-02,
       -5.3178593516349792e-03 ], [ -4.0697831660509109e-02,
       -9.9545372650027275e-03, -1.5188639983534813e-02 ], [
       -5.1090061664581299e-02, 4.9901502206921577e-03,
       -4.5082751661539078e-02 ] ] }
   - { id:19, corners:[ [ -4.8194676637649536e-03,
       4.8627726733684540e-02, -6.2562808394432068e-02 ], [
       -3.3243980258703232e-02, 3.9576839655637741e-02,
       -4.4256292283535004e-02 ], [ -4.2446061968803406e-02,
       1.7244325950741768e-02, -6.9585725665092468e-02 ], [
       -1.4021548442542553e-02, 2.6295211166143417e-02,
       -8.7892241775989532e-02 ] ] }
   - { id:20, corners:[ [ 3.3398889005184174e-02, 3.9557281881570816e-02,
       -4.4089369475841522e-02 ], [ 5.2113775163888931e-03,
       4.8726826906204224e-02, -6.2700755894184113e-02 ], [
       1.4531530439853668e-02, 2.6272816583514214e-02,
       -8.7879158556461334e-02 ], [ 4.2719043791294098e-02,
       1.7103269696235657e-02, -6.9267772138118744e-02 ] ] }
   - { id:21, corners:[ [ 2.5781564414501190e-02, 2.0215783268213272e-02,
       -5.2682030946016312e-03 ], [ 3.6694057285785675e-02,
       3.5040941089391708e-02, -3.5036176443099976e-02 ], [
       5.1478169858455658e-02, 4.8147710040211678e-03,
       -4.4669896364212036e-02 ], [ 4.0565676987171173e-02,
       -1.0010387748479843e-02, -1.4901924878358841e-02 ] ] }
