%YAML:1.0
---
aruco_bc_dict: TAG16h5
aruco_bc_nmarkers: 11
aruco_bc_mInfoType: 1
aruco_bc_markers:
   - { id:11, corners:[ [ 3.6855798680335283e-03,
       -5.1012396812438965e-02, -4.6320386230945587e-02 ], [
       -2.2894753143191338e-02, -4.2375221848487854e-02,
       -2.8773736208677292e-02 ], [ -3.3381998073309660e-03,
       -3.0388047918677330e-02, -5.0492975860834122e-03 ], [
       2.3242132738232613e-02, -3.9025224745273590e-02,
       -2.2595949470996857e-02 ] ] }
   - { id:12, corners:[ [ -1.4941106550395489e-02,
       -2.6963273063302040e-02, -8.6747407913208008e-02 ], [
       -4.1503630578517914e-02, -1.8436335027217865e-02,
       -6.9120049476623535e-02 ], [ -3.2385874539613724e-02,
       -3.9340309798717499e-02, -4.5268628746271133e-02 ], [
       -5.8233514428138733e-03, -4.7867245972156525e-02,
       -6.2895983457565308e-02 ] ] }
   - { id:13, corners:[ [ 4.1543316096067429e-02,
       -1.8192911520600319e-02, -6.9496855139732361e-02 ], [
       1.4995668083429337e-02, -2.7164364233613014e-02,
       -8.6924858391284943e-02 ], [ 6.3650459051132202e-03,
       -4.8157967627048492e-02, -6.2971130013465881e-02 ], [
       3.2912693917751312e-02, -3.9186514914035797e-02,
       -4.5543126761913300e-02 ] ] }
   - { id:14, corners:[ [ 4.0768500417470932e-02, 8.4403492510318756e-03,
       -1.6076771542429924e-02 ], [ 5.1001362502574921e-02,
       -5.7042208500206470e-03, -4.4080697000026703e-02 ], [
       3.6854203790426254e-02, -3.4075669944286346e-02,
       -3.4919977188110352e-02 ], [ 2.6621343567967415e-02,
       -1.9931100308895111e-02, -6.9160517305135727e-03 ] ] }
   - { id:15, corners:[ [ -1.6499999910593033e-02,
       1.6499999910593033e-02, 0. ], [ 1.6499999910593033e-02,
       1.6499999910593033e-02, 0. ], [ 1.6499999910593033e-02,
       -1.6499999910593033e-02, 0. ], [ -1.6499999910593033e-02,
       -1.6499999910593033e-02, 0. ] ] }
   - { id:16, corners:[ [ -5.1009822636842728e-02,
       -5.6122536770999432e-03, -4.3929673731327057e-02 ], [
       -4.0644451975822449e-02, 8.4352036938071251e-03,
       -1.5925601124763489e-02 ], [ -2.6483897119760513e-02,
       -1.9977459684014320e-02, -6.9145429879426956e-03 ], [
       -3.6849267780780792e-02, -3.4024916589260101e-02,
       -3.4918617457151413e-02 ] ] }
   - { id:17, corners:[ [ 6.0324836522340775e-03, 4.7389250248670578e-02,
       -2.8574086725711823e-02 ], [ 3.2537948340177536e-02,
       3.8768757134675980e-02, -4.6241782605648041e-02 ], [
       4.1602015495300293e-02, 1.7810437828302383e-02,
       -2.2417604923248291e-02 ], [ 1.5096552670001984e-02,
       2.6430930942296982e-02, -4.7499090433120728e-03 ] ] }
   - { id:18, corners:[ [ -3.2980307936668396e-02,
       3.8202453404664993e-02, -4.5974906533956528e-02 ], [
       -6.2297508120536804e-03, 4.7101344913244247e-02,
       -2.8822142630815506e-02 ], [ -1.4762817882001400e-02,
       2.6259433478116989e-02, -4.7015808522701263e-03 ], [
       -4.1513375937938690e-02, 1.7360541969537735e-02,
       -2.1854344755411148e-02 ] ] }
   - { id:19, corners:[ [ -2.5950405746698380e-02,
       1.9229963421821594e-02, -8.4578484296798706e-02 ], [
       -3.6223795264959335e-02, 3.3157505095005035e-02,
       -5.6480772793292999e-02 ], [ -5.0208132714033127e-02,
       4.6584312804043293e-03, -4.7467384487390518e-02 ], [
       -3.9934743195772171e-02, -9.2691108584403992e-03,
       -7.5565092265605927e-02 ] ] }
   - { id:20, corners:[ [ 1.6816666349768639e-02, 1.6010278835892677e-02,
       -9.1087296605110168e-02 ], [ -1.6182890161871910e-02,
       1.5953196212649345e-02, -9.0926297008991241e-02 ], [
       -1.6125841066241264e-02, -1.7046755179762840e-02,
       -9.0932831168174744e-02 ], [ 1.6873715445399284e-02,
       -1.6989672556519508e-02, -9.1093830764293671e-02 ] ] }
   - { id:21, corners:[ [ 3.7324789911508560e-02, 3.3264685422182083e-02,
       -5.6220673024654388e-02 ], [ 2.6661347597837448e-02,
       1.9437387585639954e-02, -8.4222406148910522e-02 ], [
       4.0576476603746414e-02, -9.1558201238512993e-03,
       -7.5402103364467621e-02 ], [ 5.1239918917417526e-02,
       4.6714786440134048e-03, -4.7400373965501785e-02 ] ] }
