%YAML:1.0
---
aruco_bc_dict: TAG16h5
aruco_bc_nmarkers: 11
aruco_bc_mInfoType: 1
aruco_bc_markers:
   - { id:11, corners:[ [ -1.6499990597367287e-02,
       1.6499988734722137e-02, -7.3251874255220173e-07 ], [
       1.6500009223818779e-02, 1.6499988734722137e-02,
       1.7719045217745588e-06 ], [ 1.6500009223818779e-02,
       -1.6500011086463928e-02, 7.1761758135835407e-07 ], [
       -1.6499990597367287e-02, -1.6500011086463928e-02,
       -1.7868056829684065e-06 ] ] }
   - { id:12, corners:[ [ -1.6763269901275635e-02,
       4.7869566828012466e-02, -3.9661917835474014e-02 ], [
       1.6236431896686554e-02, 4.7841168940067291e-02,
       -3.9524666965007782e-02 ], [ 1.6101215034723282e-02,
       3.2882865518331528e-02, -1.0109859518706799e-02 ], [
       -1.6898486763238907e-02, 3.2911263406276703e-02,
       -1.0247112251818180e-02 ] ] }
   - { id:13, corners:[ [ -5.0788532942533493e-02,
       -1.1928481981158257e-03, -3.9506960660219193e-02 ], [
       -4.1020356118679047e-02, 3.0328169465065002e-02,
       -3.9417691528797150e-02 ], [ -2.6829015463590622e-02,
       2.5846943259239197e-02, -9.9639249965548515e-03 ], [
       -3.6597192287445068e-02, -5.6740744039416313e-03,
       -1.0053194127976894e-02 ] ] }
   - { id:14, corners:[ [ -1.4791160821914673e-02,
       -4.8814095556735992e-02, -3.9407797157764435e-02 ], [
       -4.1625723242759705e-02, -2.9607828706502914e-02,
       -3.9247687906026840e-02 ], [ -3.2787807285785675e-02,
       -1.7504788935184479e-02, -9.8468754440546036e-03 ], [
       -5.9532467275857925e-03, -3.6711055785417557e-02,
       -1.0006982833147049e-02 ] ] }
   - { id:15, corners:[ [ 4.1964348405599594e-02,
       -2.9317287728190422e-02, -3.9724204689264297e-02 ], [
       1.5384127385914326e-02, -4.8874016851186752e-02,
       -3.9562582969665527e-02 ], [ 6.7445971071720123e-03,
       -3.6887876689434052e-02, -1.0055109858512878e-02 ], [
       3.3324819058179855e-02, -1.7331149429082870e-02,
       -1.0216731578111649e-02 ] ] }
   - { id:16, corners:[ [ 4.0643062442541122e-02, 3.0704177916049957e-02,
       -3.9762668311595917e-02 ], [ 5.0861164927482605e-02,
       -6.7399349063634872e-04, -3.9734970778226852e-02 ], [
       3.6807913333177567e-02, -5.2242977544665337e-03,
       -1.0225635953247547e-02 ], [ 2.6589812710881233e-02,
       2.6153873652219772e-02, -1.0253331623971462e-02 ] ] }
   - { id:17, corners:[ [ 1.6735570505261421e-02,
       -3.3392257988452911e-02, -8.0002121627330780e-02 ], [
       -1.6264112666249275e-02, -3.3267013728618622e-02,
       -8.0074131488800049e-02 ], [ -1.6384879127144814e-02,
       -4.8154219985008240e-02, -5.0623215734958649e-02 ], [
       1.6614804044365883e-02, -4.8279464244842529e-02,
       -5.0551205873489380e-02 ] ] }
   - { id:18, corners:[ [ 3.6506485193967819e-02, 5.5726077407598495e-03,
       -7.9769439995288849e-02 ], [ 2.6409517973661423e-02,
       -2.5844423100352287e-02, -7.9916059970855713e-02 ], [
       4.0650699287652969e-02, -3.0558498576283455e-02,
       -5.0522752106189728e-02 ], [ 5.0747666507959366e-02,
       8.5853226482868195e-04, -5.0376135855913162e-02 ] ] }
   - { id:19, corners:[ [ 5.3581483662128448e-03, 3.6059893667697906e-02,
       -8.0050967633724213e-02 ], [ 3.2218385487794876e-02,
       1.6889035701751709e-02, -7.9975239932537079e-02 ], [
       4.0813405066728592e-02, 2.9047824442386627e-02,
       -5.0525464117527008e-02 ], [ 1.3953167945146561e-02,
       4.8218682408332825e-02, -5.0601191818714142e-02 ] ] }
   - { id:20, corners:[ [ -3.3397607505321503e-02,
       1.6561500728130341e-02, -7.9874582588672638e-02 ], [
       -6.7470427602529526e-03, 3.6022894084453583e-02,
       -7.9913102090358734e-02 ], [ -1.5435930341482162e-02,
       4.7979913651943207e-02, -5.0408311188220978e-02 ], [
       -4.2086496949195862e-02, 2.8518520295619965e-02,
       -5.0369787961244583e-02 ] ] }
   - { id:21, corners:[ [ -2.6863045990467072e-02,
       -2.6926692575216293e-02, -7.9595834016799927e-02 ], [
       -3.6782145500183105e-02, 4.5464811846613884e-03,
       -7.9820796847343445e-02 ], [ -5.0786398351192474e-02,
       3.4435372799634933e-04, -5.0236627459526062e-02 ], [
       -4.0867298841476440e-02, -3.1128820031881332e-02,
       -5.0011664628982544e-02 ] ] }
