%YAML:1.0
---
aruco_bc_dict: TAG36h11
aruco_bc_nmarkers: 11
aruco_bc_mInfoType: 1
aruco_bc_markers:
   - { id:11, corners:[ [ -2.1581407636404037e-02,
       -4.5885320752859116e-02, -3.4909289330244064e-02 ], [
       -1.0545216500759125e-02, -3.0698943883180618e-02,
       -5.3698848932981491e-03 ], [ 2.2667553275823593e-02,
       -3.6061491817235947e-02, -1.5021566301584244e-02 ], [
       1.1631360277533531e-02, -5.1247868686914444e-02,
       -4.4560968875885010e-02 ] ] }
   - { id:12, corners:[ [ -5.1739860326051712e-02,
       -5.8333962224423885e-03, -4.4546194374561310e-02 ], [
       -4.0859293192625046e-02, 9.3162441626191139e-03,
       -1.4930292963981628e-02 ], [ -2.5481197983026505e-02,
       -2.0604904741048813e-02, -5.2742566913366318e-03 ], [
       -3.6361765116453171e-02, -3.5754546523094177e-02,
       -3.4890159964561462e-02 ] ] }
   - { id:13, corners:[ [ -1.4431129209697247e-02,
       -2.7610324323177338e-02, -8.7431937456130981e-02 ], [
       -4.2764760553836823e-02, -1.8434736877679825e-02,
       -6.9046780467033386e-02 ], [ -3.3089973032474518e-02,
       -4.0105290710926056e-02, -4.3321579694747925e-02 ], [
       -4.7563444823026657e-03, -4.9280878156423569e-02,
       -6.1706740409135818e-02 ] ] }
   - { id:14, corners:[ [ 4.3094031512737274e-02,
       -1.8002210184931755e-02, -6.9482490420341492e-02 ], [
       1.4782799407839775e-02, -2.7497610077261925e-02,
       -8.7739318609237671e-02 ], [ 5.3690131753683090e-03,
       -4.9133412539958954e-02, -6.1888348311185837e-02 ], [
       3.3680245280265808e-02, -3.9638012647628784e-02,
       -4.3631523847579956e-02 ] ] }
   - { id:15, corners:[ [ 4.1317790746688843e-02, 9.6161710098385811e-03,
       -1.5355177223682404e-02 ], [ 5.2138954401016235e-02,
       -5.6953500024974346e-03, -4.4909529387950897e-02 ], [
       3.6746203899383545e-02, -3.5551603883504868e-02,
       -3.5077568143606186e-02 ], [ 2.5925040245056152e-02,
       -2.0240081474184990e-02, -5.5232178419828415e-03 ] ] }
   - { id:16, corners:[ [ -1.7500000074505806e-02,
       1.7500000074505806e-02, 0. ], [ 1.7500000074505806e-02,
       1.7500000074505806e-02, 0. ], [ 1.7500000074505806e-02,
       -1.7500000074505806e-02, 0. ], [ -1.7500000074505806e-02,
       -1.7500000074505806e-02, 0. ] ] }
   - { id:17, corners:[ [ 3.6818593740463257e-02, 3.3609617501497269e-02,
       -5.5863082408905029e-02 ], [ 2.6229314506053925e-02,
       1.8456837162375450e-02, -8.5582777857780457e-02 ], [
       4.1129827499389648e-02, -1.1589337140321732e-02,
       -7.5572669506072998e-02 ], [ 5.1719106733798981e-02,
       3.5634436644613743e-03, -4.5852974057197571e-02 ] ] }
   - { id:18, corners:[ [ 5.0863511860370636e-03, 4.7325648367404938e-02,
       -2.9193516820669174e-02 ], [ 3.3612959086894989e-02,
       3.8148801773786545e-02, -4.7277156263589859e-02 ], [
       4.2904358357191086e-02, 1.6321228817105293e-02,
       -2.1543379873037338e-02 ], [ 1.4377748593688011e-02,
       2.5498075410723686e-02, -3.4597404301166534e-03 ] ] }
   - { id:19, corners:[ [ -3.3263534307479858e-02,
       3.8043268024921417e-02, -4.7215227037668228e-02 ], [
       -5.2693188190460205e-03, 4.7678850591182709e-02,
       -2.8547625988721848e-02 ], [ -1.4695381745696068e-02,
       2.5645412504673004e-02, -3.0392520129680634e-03 ], [
       -4.2689599096775055e-02, 1.6009831801056862e-02,
       -2.1706853061914444e-02 ] ] }
   - { id:20, corners:[ [ -2.5684228166937828e-02,
       1.8837161362171173e-02, -8.5036061704158783e-02 ], [
       -3.6762230098247528e-02, 3.3858075737953186e-02,
       -5.5427785962820053e-02 ], [ -5.1761150360107422e-02,
       3.7475633434951305e-03, -4.5763961970806122e-02 ], [
       -4.0683150291442871e-02, -1.1273348703980446e-02,
       -7.5372233986854553e-02 ] ] }
   - { id:21, corners:[ [ 1.7746876925230026e-02, 1.5879513695836067e-02,
       -9.0985953807830811e-02 ], [ -1.7252955585718155e-02,
       1.5909535810351372e-02, -9.0881392359733582e-02 ], [
       -1.7282664775848389e-02, -1.9090296700596809e-02,
       -9.0776920318603516e-02 ], [ 1.7717167735099792e-02,
       -1.9120318815112114e-02, -9.0881481766700745e-02 ] ] }
