%YAML:1.0
---
aruco_bc_dict: TAG16h5
aruco_bc_nmarkers: 11
aruco_bc_mInfoType: 1
aruco_bc_markers:
   - { id:11, corners:[ [ 1.6343446448445320e-02,
       -3.1762175261974335e-02, -8.0360323190689087e-02 ], [
       -1.6416246071457863e-02, -3.1739994883537292e-02,
       -8.0219715833663940e-02 ], [ -1.6301287338137627e-02,
       -4.6702042222023010e-02, -5.1076248288154602e-02 ], [
       1.6458405181765556e-02, -4.6724222600460052e-02,
       -5.1216855645179749e-02 ] ] }
   - { id:12, corners:[ [ 1.6158252954483032e-02, 1.7430108040571213e-02,
       -9.0047076344490051e-02 ], [ -1.6601156443357468e-02,
       1.7266355454921722e-02, -9.0157233178615570e-02 ], [
       -1.6436584293842316e-02, -1.5492315404117107e-02,
       -9.0402588248252869e-02 ], [ 1.6322825103998184e-02,
       -1.5328562818467617e-02, -9.0292431414127350e-02 ] ] }
   - { id:13, corners:[ [ 5.0120782107114792e-02,
       -4.5084045268595219e-03, -4.7095581889152527e-02 ], [
       4.0177367627620697e-02, 9.5665054395794868e-03,
       -7.4956715106964111e-02 ], [ 2.6097875088453293e-02,
       -1.8552940338850021e-02, -8.4137260913848877e-02 ], [
       3.6041289567947388e-02, -3.2627850770950317e-02,
       -5.6276123970746994e-02 ] ] }
   - { id:14, corners:[ [ 1.4811003580689430e-02,
       -2.6409121230244637e-02, -4.8325583338737488e-03 ], [
       4.1365385055541992e-02, -1.7773777246475220e-02,
       -2.1964788436889648e-02 ], [ 3.2590851187705994e-02,
       -3.8322605192661285e-02, -4.5922480523586273e-02 ], [
       6.0364659875631332e-03, -4.6957947313785553e-02,
       -2.8790250420570374e-02 ] ] }
   - { id:15, corners:[ [ -4.1444748640060425e-02,
       -1.7440827563405037e-02, -2.1724604070186615e-02 ], [
       -1.5018357895314693e-02, -2.6408592239022255e-02,
       -4.5652687549591064e-03 ], [ -6.4732879400253296e-03,
       -4.7059811651706696e-02, -2.8517864644527435e-02 ], [
       -3.2899677753448486e-02, -3.8092046976089478e-02,
       -4.5677199959754944e-02 ] ] }
   - { id:16, corners:[ [ -4.0477234870195389e-02,
       9.6981218084692955e-03, -7.4546888470649719e-02 ], [
       -5.0627440214157104e-02, -4.6636201441287994e-03,
       -4.6907581388950348e-02 ], [ -3.6601562052965164e-02,
       -3.2726854085922241e-02, -5.6338768452405930e-02 ], [
       -2.6451358571648598e-02, -1.8365113064646721e-02,
       -8.3978079259395599e-02 ] ] }
   - { id:17, corners:[ [ -1.6380000859498978e-02,
       1.6380000859498978e-02, 0. ], [ 1.6380000859498978e-02,
       1.6380000859498978e-02, 0. ], [ 1.6380000859498978e-02,
       -1.6380000859498978e-02, 0. ], [ -1.6380000859498978e-02,
       -1.6380000859498978e-02, 0. ] ] }
   - { id:18, corners:[ [ -3.6333549767732620e-02,
       3.3770989626646042e-02, -3.4132283180952072e-02 ], [
       -2.6410896331071854e-02, 1.9495774060487747e-02,
       -6.3658114522695541e-03 ], [ -4.0388707071542740e-02,
       -8.5874795913696289e-03, -1.5808768570423126e-02 ], [
       -5.0311360508203506e-02, 5.6877359747886658e-03,
       -4.3575242161750793e-02 ] ] }
   - { id:19, corners:[ [ -6.0555320233106613e-03,
       4.7797478735446930e-02, -6.1783377081155777e-02 ], [
       -3.2653592526912689e-02, 3.9040654897689819e-02,
       -4.4781055301427841e-02 ], [ -4.1110455989837646e-02,
       1.8303884193301201e-02, -6.8690992891788483e-02 ], [
       -1.4512399211525917e-02, 2.7060708031058311e-02,
       -8.5693314671516418e-02 ] ] }
   - { id:20, corners:[ [ 3.2403390854597092e-02, 3.9031594991683960e-02,
       -4.4607125222682953e-02 ], [ 5.9975571930408478e-03,
       4.7748163342475891e-02, -6.1926797032356262e-02 ], [
       1.4729414135217667e-02, 2.6966432109475136e-02,
       -8.5698463022708893e-02 ], [ 4.1135247796773911e-02,
       1.8249861896038055e-02, -6.8378791213035583e-02 ] ] }
   - { id:21, corners:[ [ 2.6346489787101746e-02, 1.9429532811045647e-02,
       -6.4019281417131424e-03 ], [ 3.6357495933771133e-02,
       3.3647768199443817e-02, -3.4165918827056885e-02 ], [
       5.0168149173259735e-02, 5.4823025129735470e-03,
       -4.3609976768493652e-02 ], [ 4.0157143026590347e-02,
       -8.7359324097633362e-03, -1.5845982357859612e-02 ] ] }
