%YAML:1.0
---
aruco_bc_dict: TAG16h5
aruco_bc_nmarkers: 11
aruco_bc_mInfoType: 1
aruco_bc_markers:
   - { id:11, corners:[ [ 3.6531498190015554e-03,
       -5.1027677953243256e-02, -4.6243689954280853e-02 ], [
       -2.2921714931726456e-02, -4.2418122291564941e-02,
       -2.8675194829702377e-02 ], [ -3.3580551389604807e-03,
       -3.0422268435359001e-02, -4.9610082060098648e-03 ], [
       2.3216810077428818e-02, -3.9031825959682465e-02,
       -2.2529505193233490e-02 ] ] }
   - { id:12, corners:[ [ -1.4987407252192497e-02,
       -2.7021102607250214e-02, -8.6728423833847046e-02 ], [
       -4.1556280106306076e-02, -1.8481150269508362e-02,
       -6.9116950035095215e-02 ], [ -3.2468773424625397e-02,
       -3.9397567510604858e-02, -4.5264896005392075e-02 ], [
       -5.8999024331569672e-03, -4.7937519848346710e-02,
       -6.2876373529434204e-02 ] ] }
   - { id:13, corners:[ [ 4.1456054896116257e-02,
       -1.8203727900981903e-02, -6.9475464522838593e-02 ], [
       1.4904942363500595e-02, -2.7184190228581429e-02,
       -8.6893551051616669e-02 ], [ 6.2781535089015961e-03,
       -4.8164136707782745e-02, -6.2926478683948517e-02 ], [
       3.2829266041517258e-02, -3.9183676242828369e-02,
       -4.5508392155170441e-02 ] ] }
   - { id:14, corners:[ [ 4.0781825780868530e-02, 8.4126004949212074e-03,
       -1.6005139797925949e-02 ], [ 5.1009617745876312e-02,
       -5.7185832411050797e-03, -4.4017672538757324e-02 ], [
       3.6852240562438965e-02, -3.4090518951416016e-02,
       -3.4874256700277328e-02 ], [ 2.6624450460076332e-02,
       -1.9959334284067154e-02, -6.8617239594459534e-03 ] ] }
   - { id:15, corners:[ [ -1.6499999910593033e-02,
       1.6499999910593033e-02, 0. ], [ 1.6499999910593033e-02,
       1.6499999910593033e-02, 0. ], [ 1.6499999910593033e-02,
       -1.6499999910593033e-02, 0. ], [ -1.6499999910593033e-02,
       -1.6499999910593033e-02, 0. ] ] }
   - { id:16, corners:[ [ -5.1024571061134338e-02,
       -5.5872034281492233e-03, -4.3885208666324615e-02 ], [
       -4.0637649595737457e-02, 8.4926206618547440e-03,
       -1.5905387699604034e-02 ], [ -2.6466054841876030e-02,
       -1.9908266142010689e-02, -6.8745836615562439e-03 ], [
       -3.6852978169918060e-02, -3.3988088369369507e-02,
       -3.4854404628276825e-02 ] ] }
   - { id:17, corners:[ [ 6.0759428888559341e-03, 4.7403112053871155e-02,
       -2.8603900223970413e-02 ], [ 3.2579030841588974e-02,
       3.8773853331804276e-02, -4.6270880848169327e-02 ], [
       4.1644915938377380e-02, 1.7825448885560036e-02,
       -2.2438675165176392e-02 ], [ 1.5141829848289490e-02,
       2.6454705744981766e-02, -4.7716945409774780e-03 ] ] }
   - { id:18, corners:[ [ -3.2911341637372971e-02,
       3.8285400718450546e-02, -4.5983023941516876e-02 ], [
       -6.1892699450254440e-03, 4.7182627022266388e-02,
       -2.8785051777958870e-02 ], [ -1.4788277447223663e-02,
       2.6374261826276779e-02, -4.6589486300945282e-03 ], [
       -4.1510351002216339e-02, 1.7477033659815788e-02,
       -2.1856920793652534e-02 ] ] }
   - { id:19, corners:[ [ -2.6152182370424271e-02,
       1.9196681678295135e-02, -8.4591448307037354e-02 ], [
       -3.6444045603275299e-02, 3.3121839165687561e-02,
       -5.6499317288398743e-02 ], [ -5.0414282828569412e-02,
       4.6155168674886227e-03, -4.7486994415521622e-02 ], [
       -4.0122419595718384e-02, -9.3096410855650902e-03,
       -7.5579121708869934e-02 ] ] }
   - { id:20, corners:[ [ 1.6681851819157600e-02, 1.5914725139737129e-02,
       -9.1151766479015350e-02 ], [ -1.6317693516612053e-02,
       1.5831040218472481e-02, -9.0999826788902283e-02 ], [
       -1.6233818605542183e-02, -1.7168829217553139e-02,
       -9.0958736836910248e-02 ], [ 1.6765726730227470e-02,
       -1.7085144296288490e-02, -9.1110676527023315e-02 ] ] }
   - { id:21, corners:[ [ 3.7279181182384491e-02, 3.3252947032451630e-02,
       -5.6268330663442612e-02 ], [ 2.6617854833602905e-02,
       1.9415272399783134e-02, -8.4265738725662231e-02 ], [
       4.0540337562561035e-02, -9.1720968484878540e-03,
       -7.5438112020492554e-02 ], [ 5.1201663911342621e-02,
       4.6655773185193539e-03, -4.7440707683563232e-02 ] ] }
