%YAML:1.0
---
aruco_bc_dict: TAG36h11
aruco_bc_nmarkers: 11
aruco_bc_mInfoType: 1
aruco_bc_markers:
   - { id:11, corners:[ [ -1.0923708789050579e-02,
       -2.9727889224886894e-02, -8.5033334791660309e-02 ], [
       -2.1475598216056824e-02, -4.4878091663122177e-02,
       -5.5299028754234314e-02 ], [ 1.1895845644176006e-02,
       -4.9606487154960632e-02, -4.5865632593631744e-02 ], [
       2.2447735071182251e-02, -3.4456286579370499e-02,
       -7.5599938631057739e-02 ] ] }
   - { id:12, corners:[ [ -4.1010055691003799e-02,
       1.0764935053884983e-02, -7.5096383690834045e-02 ], [
       -5.1695562899112701e-02, -4.4915201142430305e-03,
       -4.5464303344488144e-02 ], [ -3.6681685596704483e-02,
       -3.4476540982723236e-02, -5.5488374084234238e-02 ], [
       -2.5996178388595581e-02, -1.9220083951950073e-02,
       -8.5120454430580139e-02 ] ] }
   - { id:13, corners:[ [ 1.7224125564098358e-02, 1.8796959891915321e-02,
       -9.0400002896785736e-02 ], [ -1.7773825675249100e-02,
       1.8418671563267708e-02, -9.0420715510845184e-02 ], [
       -1.7395481467247009e-02, -1.6579153016209602e-02,
       -9.0515740215778351e-02 ], [ 1.7602469772100449e-02,
       -1.6200864687561989e-02, -9.0495027601718903e-02 ] ] }
   - { id:14, corners:[ [ 5.1688745617866516e-02,
       -3.9426442235708237e-03, -4.5836534351110458e-02 ], [
       4.0745481848716736e-02, 1.1045623570680618e-02,
       -7.5511381030082703e-02 ], [ 2.5784857571125031e-02,
       -1.9073693081736565e-02, -8.5207074880599976e-02 ], [
       3.6728121340274811e-02, -3.4061960875988007e-02,
       -5.5532228201627731e-02 ] ] }
   - { id:15, corners:[ [ 1.4564030803740025e-02,
       -2.5706028565764427e-02, -2.8522759675979614e-03 ], [
       4.2900823056697845e-02, -1.6452407464385033e-02,
       -2.1193400025367737e-02 ], [ 3.3678397536277771e-02,
       -3.8644593209028244e-02, -4.6638514846563339e-02 ], [
       5.3416043519973755e-03, -4.7898210585117340e-02,
       -2.8297390788793564e-02 ] ] }
   - { id:16, corners:[ [ -4.2621549218893051e-02,
       -1.6569787636399269e-02, -2.1238464862108231e-02 ], [
       -1.4286004006862640e-02, -2.5921935215592384e-02,
       -2.9454547911882401e-03 ], [ -5.1742568612098694e-03,
       -4.8132531344890594e-02, -2.8414368629455566e-02 ], [
       -3.3509802073240280e-02, -3.8780383765697479e-02,
       -4.6707376837730408e-02 ] ] }
   - { id:17, corners:[ [ 2.5832692161202431e-02, 2.0241348072886467e-02,
       -5.2669830620288849e-03 ], [ 3.6511737853288651e-02,
       3.5363819450139999e-02, -3.4969992935657501e-02 ], [
       5.1595188677310944e-02, 5.3573623299598694e-03,
       -4.4824041426181793e-02 ], [ 4.0916141122579575e-02,
       -9.7651081159710884e-03, -1.5121029689908028e-02 ] ] }
   - { id:18, corners:[ [ -1.7500000074505806e-02,
       1.7500000074505806e-02, 0. ], [ 1.7500000074505806e-02,
       1.7500000074505806e-02, 0. ], [ 1.7500000074505806e-02,
       -1.7500000074505806e-02, 0. ], [ -1.7500000074505806e-02,
       -1.7500000074505806e-02, 0. ] ] }
   - { id:19, corners:[ [ -3.6672107875347137e-02,
       3.5296622663736343e-02, -3.5130865871906281e-02 ], [
       -2.5809975340962410e-02, 2.0357951521873474e-02,
       -5.4012462496757507e-03 ], [ -4.0713787078857422e-02,
       -9.7874077036976814e-03, -1.5103504061698914e-02 ], [
       -5.1575921475887299e-02, 5.1512629725039005e-03,
       -4.4833123683929443e-02 ] ] }
   - { id:20, corners:[ [ -4.9315616488456726e-03,
       4.8915710300207138e-02, -6.2266938388347626e-02 ], [
       -3.3081870526075363e-02, 3.9675306528806686e-02,
       -4.3634302914142609e-02 ], [ -4.2515564709901810e-02,
       1.7403487116098404e-02, -6.8931959569454193e-02 ], [
       -1.4365255832672119e-02, 2.6643890887498856e-02,
       -8.7564595043659210e-02 ] ] }
   - { id:21, corners:[ [ 3.3474188297986984e-02, 3.9653107523918152e-02,
       -4.3581355363130569e-02 ], [ 5.0633512437343597e-03,
       4.8942379653453827e-02, -6.1789423227310181e-02 ], [
       1.4172199182212353e-02, 2.6785565540194511e-02,
       -8.7306171655654907e-02 ], [ 4.2583037167787552e-02,
       1.7496293410658836e-02, -6.9098100066184998e-02 ] ] }
