%YAML:1.0
---
aruco_bc_dict: TAG16h5
aruco_bc_nmarkers: 11
aruco_bc_mInfoType: 1
aruco_bc_markers:
   - { id:11, corners:[ [ 3.6831896286457777e-03,
       -5.1006358116865158e-02, -4.6321574598550797e-02 ], [
       -2.2897750139236450e-02, -4.2370691895484924e-02,
       -2.8775095939636230e-02 ], [ -3.3420280087739229e-03,
       -3.0383322387933731e-02, -5.0500743091106415e-03 ], [
       2.3238912224769592e-02, -3.9018988609313965e-02,
       -2.2596552968025208e-02 ] ] }
   - { id:12, corners:[ [ -1.4949060976505280e-02,
       -2.6964653283357620e-02, -8.6741760373115540e-02 ], [
       -4.1511055082082748e-02, -1.8437398597598076e-02,
       -6.9113753736019135e-02 ], [ -3.2392404973506927e-02,
       -3.9340700954198837e-02, -4.5262087136507034e-02 ], [
       -5.8304108679294586e-03, -4.7867953777313232e-02,
       -6.2890090048313141e-02 ] ] }
   - { id:13, corners:[ [ 4.1533686220645905e-02,
       -1.8187267705798149e-02, -6.9496951997280121e-02 ], [
       1.4987360686063766e-02, -2.7160616591572762e-02,
       -8.6925998330116272e-02 ], [ 6.3573867082595825e-03,
       -4.8154942691326141e-02, -6.2972672283649445e-02 ], [
       3.2903712242841721e-02, -3.9181597530841827e-02,
       -4.5543629676103592e-02 ] ] }
   - { id:14, corners:[ [ 4.0768045932054520e-02, 8.4437401965260506e-03,
       -1.6073593869805336e-02 ], [ 5.1002286374568939e-02,
       -5.7009113952517509e-03, -4.4076971709728241e-02 ], [
       3.6855224519968033e-02, -3.4072514623403549e-02,
       -3.4916572272777557e-02 ], [ 2.6620984077453613e-02,
       -1.9927863031625748e-02, -6.9131981581449509e-03 ] ] }
   - { id:15, corners:[ [ -1.6499999910593033e-02,
       1.6499999910593033e-02, 0. ], [ 1.6499999910593033e-02,
       1.6499999910593033e-02, 0. ], [ 1.6499999910593033e-02,
       -1.6499999910593033e-02, 0. ], [ -1.6499999910593033e-02,
       -1.6499999910593033e-02, 0. ] ] }
   - { id:16, corners:[ [ -5.1007330417633057e-02,
       -5.5980258621275425e-03, -4.3924897909164429e-02 ], [
       -4.0618766099214554e-02, 8.4492675960063934e-03,
       -1.5929339453577995e-02 ], [ -2.6478052139282227e-02,
       -1.9972411915659904e-02, -6.9155525416135788e-03 ], [
       -3.6866616457700729e-02, -3.4019704908132553e-02,
       -3.4911110997200012e-02 ] ] }
   - { id:17, corners:[ [ 6.0284659266471863e-03, 4.7386195510625839e-02,
       -2.8574589639902115e-02 ], [ 3.2533593475818634e-02,
       3.8765497505664825e-02, -4.6242691576480865e-02 ], [
       4.1598469018936157e-02, 1.7807941883802414e-02,
       -2.2418145090341568e-02 ], [ 1.5093343332409859e-02,
       2.6428639888763428e-02, -4.7500431537628174e-03 ] ] }
   - { id:18, corners:[ [ -3.2978538423776627e-02,
       3.8197968155145645e-02, -4.5976918190717697e-02 ], [
       -6.2264092266559601e-03, 4.7096051275730133e-02,
       -2.8826184570789337e-02 ], [ -1.4759656973183155e-02,
       2.6256309822201729e-02, -4.7038160264492035e-03 ], [
       -4.1511785238981247e-02, 1.7358228564262390e-02,
       -2.1854549646377563e-02 ] ] }
   - { id:19, corners:[ [ -2.5968868285417557e-02,
       1.9240595400333405e-02, -8.4568634629249573e-02 ], [
       -3.6259248852729797e-02, 3.3154327422380447e-02,
       -5.6470304727554321e-02 ], [ -5.0227213650941849e-02,
       4.6437554992735386e-03, -4.7467887401580811e-02 ], [
       -3.9936833083629608e-02, -9.2699760571122169e-03,
       -7.5566217303276062e-02 ] ] }
   - { id:20, corners:[ [ 1.6805704683065414e-02, 1.6021274030208588e-02,
       -9.1074287891387939e-02 ], [ -1.6193851828575134e-02,
       1.5957556664943695e-02, -9.0915739536285400e-02 ], [
       -1.6130175441503525e-02, -1.7042379826307297e-02,
       -9.0924456715583801e-02 ], [ 1.6869381070137024e-02,
       -1.6978662461042404e-02, -9.1083005070686340e-02 ] ] }
   - { id:21, corners:[ [ 3.7323988974094391e-02, 3.3265430480241776e-02,
       -5.6221757084131241e-02 ], [ 2.6660803705453873e-02,
       1.9437588751316071e-02, -8.4223315119743347e-02 ], [
       4.0577083826065063e-02, -9.1550536453723907e-03,
       -7.5403004884719849e-02 ], [ 5.1240269094705582e-02,
       4.6727871522307396e-03, -4.7401443123817444e-02 ] ] }
