%YAML:1.0
---
aruco_bc_dict: TAG16h5
aruco_bc_nmarkers: 11
aruco_bc_mInfoType: 1
aruco_bc_markers:
   - { id:11, corners:[ [ 1.6430404037237167e-02,
       -3.2277204096317291e-02, -8.0858886241912842e-02 ], [
       -1.6568969935178757e-02, -3.2342538237571716e-02,
       -8.0666638910770416e-02 ], [ -1.6368009150028229e-02,
       -4.7316499054431915e-02, -5.1260177046060562e-02 ], [
       1.6631364822387695e-02, -4.7251164913177490e-02,
       -5.1452420651912689e-02 ] ] }
   - { id:12, corners:[ [ 1.6144994646310806e-02, 1.7271047458052635e-02,
       -9.0632639825344086e-02 ], [ -1.6854315996170044e-02,
       1.7060922458767891e-02, -9.0670965611934662e-02 ], [
       -1.6643952578306198e-02, -1.5937743708491325e-02,
       -9.0880088508129120e-02 ], [ 1.6355358064174652e-02,
       -1.5727618709206581e-02, -9.0841762721538544e-02 ] ] }
   - { id:13, corners:[ [ 5.0385251641273499e-02,
       -4.6439454890787601e-03, -4.7418437898159027e-02 ], [
       4.0258236229419708e-02, 9.4673987478017807e-03,
       -7.5477547943592072e-02 ], [ 2.6170536875724792e-02,
       -1.8923034891486168e-02, -8.4671027958393097e-02 ], [
       3.6297552287578583e-02, -3.3034376800060272e-02,
       -5.6611917912960052e-02 ] ] }
   - { id:14, corners:[ [ 1.4918994158506393e-02,
       -2.6608129963278770e-02, -4.8329792916774750e-03 ], [
       4.1626177728176117e-02, -1.7861763015389442e-02,
       -2.2131174802780151e-02 ], [ 3.2861396670341492e-02,
       -3.8679607212543488e-02, -4.6189352869987488e-02 ], [
       6.1542149633169174e-03, -4.7425977885723114e-02,
       -2.8891157358884811e-02 ] ] }
   - { id:15, corners:[ [ -4.1706852614879608e-02,
       -1.7769213765859604e-02, -2.1794453263282776e-02 ], [
       -1.5052099712193012e-02, -2.6697626337409019e-02,
       -4.5084077864885330e-03 ], [ -6.4038652926683426e-03,
       -4.7524366527795792e-02, -2.8601039201021194e-02 ], [
       -3.3058620989322662e-02, -3.8595952093601227e-02,
       -4.5887082815170288e-02 ] ] }
   - { id:16, corners:[ [ -4.0801033377647400e-02,
       9.4668222591280937e-03, -7.4980288743972778e-02 ], [
       -5.0937652587890625e-02, -4.9606584943830967e-03,
       -4.7085903584957123e-02 ], [ -3.6813244223594666e-02,
       -3.3234670758247375e-02, -5.6577026844024658e-02 ], [
       -2.6676626875996590e-02, -1.8807191401720047e-02,
       -8.4471412003040314e-02 ] ] }
   - { id:17, corners:[ [ -1.6499999910593033e-02,
       1.6499999910593033e-02, 0. ], [ 1.6499999910593033e-02,
       1.6499999910593033e-02, 0. ], [ 1.6499999910593033e-02,
       -1.6499999910593033e-02, 0. ], [ -1.6499999910593033e-02,
       -1.6499999910593033e-02, 0. ] ] }
   - { id:18, corners:[ [ -3.6617018282413483e-02,
       3.3802740275859833e-02, -3.4268103539943695e-02 ], [
       -2.6591021567583084e-02, 1.9468914717435837e-02,
       -6.2855929136276245e-03 ], [ -4.0607914328575134e-02,
       -8.8593466207385063e-03, -1.5774345025420189e-02 ], [
       -5.0633911043405533e-02, 5.4744803346693516e-03,
       -4.3756853789091110e-02 ] ] }
   - { id:19, corners:[ [ -6.1903186142444611e-03,
       4.7901988029479980e-02, -6.2116418033838272e-02 ], [
       -3.2953131943941116e-02, 3.9090923964977264e-02,
       -4.4937450438737869e-02 ], [ -4.1508883237838745e-02,
       1.8180966377258301e-02, -6.8990983068943024e-02 ], [
       -1.4746069908142090e-02, 2.6992028579115868e-02,
       -8.6169958114624023e-02 ] ] }
   - { id:20, corners:[ [ 3.2479148358106613e-02, 3.9206594228744507e-02,
       -4.4922348111867905e-02 ], [ 5.8588963001966476e-03,
       4.7933548688888550e-02, -6.2363743782043457e-02 ], [
       1.4645040035247803e-02, 2.6952447369694710e-02,
       -8.6271837353706360e-02 ], [ 4.1265293955802917e-02,
       1.8225489184260368e-02, -6.8830445408821106e-02 ] ] }
   - { id:21, corners:[ [ 2.6489757001399994e-02, 1.9542669877409935e-02,
       -6.4833555370569229e-03 ], [ 3.6599017679691315e-02,
       3.3838335424661636e-02, -3.4455426037311554e-02 ], [
       5.0510734319686890e-02, 5.4547493346035480e-03,
       -4.3933629989624023e-02 ], [ 4.0401473641395569e-02,
       -8.8409157469868660e-03, -1.5961561352014542e-02 ] ] }
