%YAML:1.0
---
aruco_bc_dict: TAG16h5
aruco_bc_nmarkers: 11
aruco_bc_mInfoType: 1
aruco_bc_markers:
   - { id:11, corners:[ [ -4.2005814611911774e-03,
       -5.1289446651935577e-02, -4.3788671493530273e-02 ], [
       2.1992616355419159e-02, -4.2636983096599579e-02,
       -6.1900857836008072e-02 ], [ 1.9199809757992625e-03,
       -3.1234987080097198e-02, -8.5482284426689148e-02 ], [
       -2.4273216724395752e-02, -3.9887450635433197e-02,
       -6.7370101809501648e-02 ] ] }
   - { id:12, corners:[ [ 1.5055654570460320e-02,
       -2.6300810277462006e-02, -4.2368788272142410e-03 ], [
       4.1326753795146942e-02, -1.7890006303787231e-02,
       -2.2350072860717773e-02 ], [ 3.2151624560356140e-02,
       -3.9391547441482544e-02, -4.5641712844371796e-02 ], [
       5.8805253356695175e-03, -4.7802351415157318e-02,
       -2.7528520673513412e-02 ] ] }
   - { id:13, corners:[ [ -4.1648954153060913e-02,
       -1.8283551558852196e-02, -2.0325575023889542e-02 ], [
       -1.4595365151762962e-02, -2.6665780693292618e-02,
       -3.3891815692186356e-03 ], [ -6.2844473868608475e-03,
       -4.7950178384780884e-02, -2.7198906987905502e-02 ], [
       -3.3338040113449097e-02, -3.9567951112985611e-02,
       -4.4135302305221558e-02 ] ] }
   - { id:14, corners:[ [ -4.2374212294816971e-02,
       7.3706656694412231e-03, -7.4297823011875153e-02 ], [
       -5.1949597895145416e-02, -6.3122068531811237e-03,
       -4.5835725963115692e-02 ], [ -3.7768345326185226e-02,
       -3.4749533981084824e-02, -5.4735757410526276e-02 ], [
       -2.8192961588501930e-02, -2.1066661924123764e-02,
       -8.3197854459285736e-02 ] ] }
   - { id:15, corners:[ [ 1.4483794569969177e-02, 1.5653163194656372e-02,
       -9.1462269425392151e-02 ], [ -1.8510282039642334e-02,
       1.5356947667896748e-02, -9.0911716222763062e-02 ], [
       -1.8204472959041595e-02, -1.7636626958847046e-02,
       -9.0336725115776062e-02 ], [ 1.4789603650569916e-02,
       -1.7340410500764847e-02, -9.0887278318405151e-02 ] ] }
   - { id:16, corners:[ [ 4.9917317926883698e-02,
       -5.2114650607109070e-03, -4.7901064157485962e-02 ], [
       3.9065428078174591e-02, 8.1360014155507088e-03,
       -7.6062768697738647e-02 ], [ 2.5074847042560577e-02,
       -2.0596897229552269e-02, -8.4289804100990295e-02 ], [
       3.5926736891269684e-02, -3.3944364637136459e-02,
       -5.6128099560737610e-02 ] ] }
   - { id:17, corners:[ [ -7.9219788312911987e-03,
       4.6934071928262711e-02, -6.3074260950088501e-02 ], [
       -3.4176342189311981e-02, 3.8426544517278671e-02,
       -4.4981986284255981e-02 ], [ -4.3302681297063828e-02,
       1.6956213861703873e-02, -6.8321540951728821e-02 ], [
       -1.7048319801688194e-02, 2.5463741272687912e-02,
       -8.6413815617561340e-02 ] ] }
   - { id:18, corners:[ [ 3.1481102108955383e-02, 3.8680449128150940e-02,
       -4.6324308961629868e-02 ], [ 4.4378750026226044e-03,
       4.6862155199050903e-02, -6.3374921679496765e-02 ], [
       1.2876398861408234e-02, 2.5456355884671211e-02,
       -8.7030425667762756e-02 ], [ 3.9919625967741013e-02,
       1.7274646088480949e-02, -6.9979816675186157e-02 ] ] }
   - { id:19, corners:[ [ 2.6043890044093132e-02, 1.9759628921747208e-02,
       -7.2005167603492737e-03 ], [ 3.5573452711105347e-02,
       3.3416487276554108e-02, -3.5690475255250931e-02 ], [
       4.9587421119213104e-02, 4.9191820435225964e-03,
       -4.4663339853286743e-02 ], [ 4.0057860314846039e-02,
       -8.7376739829778671e-03, -1.6173381358385086e-02 ] ] }
   - { id:20, corners:[ [ -1.6499999910593033e-02,
       1.6499999910593033e-02, 0. ], [ 1.6499999910593033e-02,
       1.6499999910593033e-02, 0. ], [ 1.6499999910593033e-02,
       -1.6499999910593033e-02, 0. ], [ -1.6499999910593033e-02,
       -1.6499999910593033e-02, 0. ] ] }
   - { id:21, corners:[ [ -3.7863712757825851e-02,
       3.3047676086425781e-02, -3.4433748573064804e-02 ], [
       -2.6875350624322891e-02, 1.9632028415799141e-02,
       -6.3574910163879395e-03 ], [ -4.0748428553342819e-02,
       -9.1325202956795692e-03, -1.4672438614070415e-02 ], [
       -5.1736790686845779e-02, 4.2831259779632092e-03,
       -4.2748697102069855e-02 ] ] }
