%YAML:1.0
---
aruco_bc_dict: TAG16h5
aruco_bc_nmarkers: 11
aruco_bc_mInfoType: 1
aruco_bc_markers:
   - { id:11, corners:[ [ 1.6454773023724556e-02,
       -3.2066844403743744e-02, -8.0930486321449280e-02 ], [
       -1.6544846817851067e-02, -3.2018907368183136e-02,
       -8.0779269337654114e-02 ], [ -1.6432067379355431e-02,
       -4.7052033245563507e-02, -5.1402539014816284e-02 ], [
       1.6567552462220192e-02, -4.7099970281124115e-02,
       -5.1553755998611450e-02 ] ] }
   - { id:12, corners:[ [ 1.6298647969961166e-02, 1.7484113574028015e-02,
       -9.0756565332412720e-02 ], [ -1.6700837761163712e-02,
       1.7335195094347000e-02, -9.0865023434162140e-02 ], [
       -1.6551278531551361e-02, -1.5663888305425644e-02,
       -9.1060027480125427e-02 ], [ 1.6448207199573517e-02,
       -1.5514968894422054e-02, -9.0951569378376007e-02 ] ] }
   - { id:13, corners:[ [ 5.0503902137279510e-02,
       -4.5866132713854313e-03, -4.7428354620933533e-02 ], [
       4.0492415428161621e-02, 9.5727238804101944e-03,
       -7.5504735112190247e-02 ], [ 2.6308765634894371e-02,
       -1.8758019432425499e-02, -8.4734737873077393e-02 ], [
       3.6320254206657410e-02, -3.2917357981204987e-02,
       -5.6658357381820679e-02 ] ] }
   - { id:14, corners:[ [ 1.4930378645658493e-02,
       -2.6609512045979500e-02, -4.8421565443277359e-03 ], [
       4.1685756295919418e-02, -1.7937675118446350e-02,
       -2.2103358060121536e-02 ], [ 3.2835021615028381e-02,
       -3.8644984364509583e-02, -4.6225376427173615e-02 ], [
       6.0796439647674561e-03, -4.7316819429397583e-02,
       -2.8964176774024963e-02 ] ] }
   - { id:15, corners:[ [ -4.1740369051694870e-02,
       -1.7554353922605515e-02, -2.1850410848855972e-02 ], [
       -1.5113864094018936e-02, -2.6579033583402634e-02,
       -4.5708138495683670e-03 ], [ -6.5276660025119781e-03,
       -4.7410745173692703e-02, -2.8681330382823944e-02 ], [
       -3.3154170960187912e-02, -3.8386065512895584e-02,
       -4.5960925519466400e-02 ] ] }
   - { id:16, corners:[ [ -4.0766783058643341e-02,
       9.7278188914060593e-03, -7.5104221701622009e-02 ], [
       -5.0990063697099686e-02, -4.6973293647170067e-03,
       -4.7240275889635086e-02 ], [ -3.6879546940326691e-02,
       -3.2986052334308624e-02, -5.6708186864852905e-02 ], [
       -2.6656266301870346e-02, -1.8560905009508133e-02,
       -8.4572136402130127e-02 ] ] }
   - { id:17, corners:[ [ -1.6499999910593033e-02,
       1.6499999910593033e-02, 0. ], [ 1.6499999910593033e-02,
       1.6499999910593033e-02, 0. ], [ 1.6499999910593033e-02,
       -1.6499999910593033e-02, 0. ], [ -1.6499999910593033e-02,
       -1.6499999910593033e-02, 0. ] ] }
   - { id:18, corners:[ [ -3.6578822880983353e-02,
       3.4018587321043015e-02, -3.4419849514961243e-02 ], [
       -2.6570003479719162e-02, 1.9666837528347969e-02,
       -6.4403805881738663e-03 ], [ -4.0668766945600510e-02,
       -8.6271576583385468e-03, -1.5910049900412560e-02 ], [
       -5.0677586346864700e-02, 5.7245916686952114e-03,
       -4.3889522552490234e-02 ] ] }
   - { id:19, corners:[ [ -6.0769580304622650e-03,
       4.8121422529220581e-02, -6.2325283885002136e-02 ], [
       -3.2851681113243103e-02, 3.9319314062595367e-02,
       -4.5160293579101562e-02 ], [ -4.1395336389541626e-02,
       1.8403163179755211e-02, -6.9212749600410461e-02 ], [
       -1.4620611444115639e-02, 2.7205275371670723e-02,
       -8.6377739906311035e-02 ] ] }
   - { id:20, corners:[ [ 3.2673045992851257e-02, 3.9302974939346313e-02,
       -4.4977776706218719e-02 ], [ 6.0800425708293915e-03,
       4.8075843602418900e-02, -6.2437698245048523e-02 ], [
       1.4867631718516350e-02, 2.7108384296298027e-02,
       -8.6357228457927704e-02 ], [ 4.1460637003183365e-02,
       1.8335517495870590e-02, -6.8897306919097900e-02 ] ] }
   - { id:21, corners:[ [ 2.6539754122495651e-02, 1.9554730504751205e-02,
       -6.4419005066156387e-03 ], [ 3.6629155278205872e-02,
       3.3862467855215073e-02, -3.4414969384670258e-02 ], [
       5.0548996776342392e-02, 5.4876687936484814e-03,
       -4.3907538056373596e-02 ], [ 4.0459595620632172e-02,
       -8.8200680911540985e-03, -1.5934467315673828e-02 ] ] }
