%YAML:1.0
---
aruco_bc_dict: TAG16h5
aruco_bc_nmarkers: 11
aruco_bc_mInfoType: 1
aruco_bc_markers:
   - { id:11, corners:[ [ 1.6644086688756943e-02,
       -3.2118529081344604e-02, -8.0875635147094727e-02 ], [
       -1.6355838626623154e-02, -3.2076567411422729e-02,
       -8.0820895731449127e-02 ], [ -1.6326211392879486e-02,
       -4.7103777527809143e-02, -5.1440935581922531e-02 ], [
       1.6673713922500610e-02, -4.7145739197731018e-02,
       -5.1495678722858429e-02 ] ] }
   - { id:12, corners:[ [ 1.6508860513567924e-02, 1.7452040687203407e-02,
       -9.0715862810611725e-02 ], [ -1.6490371897816658e-02,
       1.7317233607172966e-02, -9.0896122157573700e-02 ], [
       -1.6354450955986977e-02, -1.5681857243180275e-02,
       -9.1100193560123444e-02 ], [ 1.6644781455397606e-02,
       -1.5547049231827259e-02, -9.0919934213161469e-02 ] ] }
   - { id:13, corners:[ [ 5.0654761493206024e-02,
       -4.6660103835165501e-03, -4.7318689525127411e-02 ], [
       4.0682308375835419e-02, 9.4986474141478539e-03,
       -7.5406283140182495e-02 ], [ 2.6489363983273506e-02,
       -1.8823031336069107e-02, -8.4649808704853058e-02 ], [
       3.6461815237998962e-02, -3.2987687736749649e-02,
       -5.6562218815088272e-02 ] ] }
   - { id:14, corners:[ [ 1.4908932149410248e-02,
       -2.6612780988216400e-02, -4.7923140227794647e-03 ], [
       4.1727777570486069e-02, -1.7984803766012192e-02,
       -2.1976826712489128e-02 ], [ 3.2932113856077194e-02,
       -3.8705781102180481e-02, -4.6107251197099686e-02 ], [
       6.1132684350013733e-03, -4.7333758324384689e-02,
       -2.8922738507390022e-02 ] ] }
   - { id:15, corners:[ [ -4.1731283068656921e-02,
       -1.7586683854460716e-02, -2.1966505795717239e-02 ], [
       -1.5141675248742104e-02, -2.6605101302266121e-02,
       -4.6269316226243973e-03 ], [ -6.4872615039348602e-03,
       -4.7422498464584351e-02, -2.8725415468215942e-02 ], [
       -3.3076867461204529e-02, -3.8404084742069244e-02,
       -4.6064987778663635e-02 ] ] }
   - { id:16, corners:[ [ -4.0558837354183197e-02,
       9.7324512898921967e-03, -7.5163222849369049e-02 ], [
       -5.0855062901973724e-02, -4.7158896923065186e-03,
       -4.7338176518678665e-02 ], [ -3.6747097969055176e-02,
       -3.3005479723215103e-02, -5.6807301938533783e-02 ], [
       -2.6450870558619499e-02, -1.8557138741016388e-02,
       -8.4632351994514465e-02 ] ] }
   - { id:17, corners:[ [ -1.6499999910593033e-02,
       1.6499999910593033e-02, 0. ], [ 1.6499999910593033e-02,
       1.6499999910593033e-02, 0. ], [ 1.6499999910593033e-02,
       -1.6499999910593033e-02, 0. ], [ -1.6499999910593033e-02,
       -1.6499999910593033e-02, 0. ] ] }
   - { id:18, corners:[ [ -3.6518681794404984e-02,
       3.3981755375862122e-02, -3.4431815147399902e-02 ], [
       -2.6563130319118500e-02, 1.9592063501477242e-02,
       -6.4528249204158783e-03 ], [ -4.0643986314535141e-02,
       -8.6889872327446938e-03, -1.5987582504749298e-02 ], [
       -5.0599537789821625e-02, 5.7007032446563244e-03,
       -4.3966572731733322e-02 ] ] }
   - { id:19, corners:[ [ -5.9281494468450546e-03,
       4.8160038888454437e-02, -6.2319852411746979e-02 ], [
       -3.2660581171512604e-02, 3.9275713264942169e-02,
       -4.5131310820579529e-02 ], [ -4.1196949779987335e-02,
       1.8382770940661430e-02, -6.9206513464450836e-02 ], [
       -1.4464518055319786e-02, 2.7267098426818848e-02,
       -8.6395055055618286e-02 ] ] }
   - { id:20, corners:[ [ 3.2814674079418182e-02, 3.9290025830268860e-02,
       -4.4909585267305374e-02 ], [ 6.2673203647136688e-03,
       4.8079475760459900e-02, -6.2430534511804581e-02 ], [
       1.5075791627168655e-02, 2.7077918872237206e-02,
       -8.6312443017959595e-02 ], [ 4.1623145341873169e-02,
       1.8288472667336464e-02, -6.8791493773460388e-02 ] ] }
   - { id:21, corners:[ [ 2.6590202003717422e-02, 1.9547391682863235e-02,
       -6.3933301717042923e-03 ], [ 3.6786306649446487e-02,
       3.3814899623394012e-02, -3.4348249435424805e-02 ], [
       5.0683621317148209e-02, 5.4080043919384480e-03,
       -4.3777614831924438e-02 ], [ 4.0487516671419144e-02,
       -8.8595040142536163e-03, -1.5822695568203926e-02 ] ] }
