%YAML:1.0
---
aruco_bc_dict: TAG16h5
aruco_bc_nmarkers: 11
aruco_bc_mInfoType: 1
aruco_bc_markers:
   - { id:0, corners:[ [ -1.0916157625615597e-02,
       -2.3316703736782074e-02, -7.2061512619256973e-03 ], [
       1.1082109995186329e-02, -2.3570196703076363e-02,
       -7.3154643177986145e-03 ], [ 1.0869541205465794e-02,
       -3.3566392958164215e-02, -2.6912169530987740e-02 ], [
       -1.1128726415336132e-02, -3.3312901854515076e-02,
       -2.6802856475114822e-02 ] ] }
   - { id:1, corners:[ [ -1.0999999940395355e-02, 1.0999999940395355e-02,
       0. ], [ 1.0999999940395355e-02, 1.0999999940395355e-02, 0. ], [
       1.0999999940395355e-02, -1.0999999940395355e-02, 0. ], [
       -1.0999999940395355e-02, -1.0999999940395355e-02, 0. ] ] }
   - { id:2, corners:[ [ -3.5076115280389786e-02,
       -4.1855433955788612e-03, -2.9549749568104744e-02 ], [
       -2.8199177235364914e-02, 5.3955940529704094e-03,
       -1.0978009551763535e-02 ], [ -1.8631555140018463e-02,
       -1.3429940678179264e-02, -4.8087369650602341e-03 ], [
       -2.5508493185043335e-02, -2.3011077195405960e-02,
       -2.3380476981401443e-02 ] ] }
   - { id:3, corners:[ [ -1.1149965226650238e-02,
       -1.8980588763952255e-02, -5.9403635561466217e-02 ], [
       -2.8886133804917336e-02, -1.3008391484618187e-02,
       -4.7838114202022552e-02 ], [ -2.3128930479288101e-02,
       -2.6940714567899704e-02, -3.1814850866794586e-02 ], [
       -5.3927619010210037e-03, -3.2912909984588623e-02,
       -4.3380372226238251e-02 ] ] }
   - { id:4, corners:[ [ 2.8367392718791962e-02, -1.3197401538491249e-02,
       -4.7797091305255890e-02 ], [ 1.0605636984109879e-02,
       -1.9042896106839180e-02, -5.9388048946857452e-02 ], [
       4.7814361751079559e-03, -3.3009976148605347e-02,
       -4.3419346213340759e-02 ], [ 2.2543191909790039e-02,
       -2.7164479717612267e-02, -3.1828388571739197e-02 ] ] }
   - { id:5, corners:[ [ 2.8221234679222107e-02, 5.4134773090481758e-03,
       -1.1312083341181278e-02 ], [ 3.5041324794292450e-02,
       -3.9608948864042759e-03, -3.0009876936674118e-02 ], [
       2.5785166770219803e-02, -2.2949688136577606e-02,
       -2.3865830153226852e-02 ], [ 1.8965076655149460e-02,
       -1.3575315475463867e-02, -5.1680346950888634e-03 ] ] }
   - { id:6, corners:[ [ 1.0753939859569073e-02, 1.0882349684834480e-02,
       -6.3110239803791046e-02 ], [ -1.1245594359934330e-02,
       1.0788878425955772e-02, -6.3218601047992706e-02 ], [
       -1.1151849292218685e-02, -1.1210853233933449e-02,
       -6.3273824751377106e-02 ], [ 1.0847684927284718e-02,
       -1.1117381975054741e-02, -6.3165463507175446e-02 ] ] }
   - { id:7, corners:[ [ 2.5399070233106613e-02, 2.2673334926366806e-02,
       -3.9191078394651413e-02 ], [ 1.8676921725273132e-02,
       1.3346809893846512e-02, -5.7948172092437744e-02 ], [
       2.8116658329963684e-02, -5.5875591933727264e-03,
       -5.1916506141424179e-02 ], [ 3.4838806837797165e-02,
       3.7389663048088551e-03, -3.3159412443637848e-02 ] ] }
   - { id:8, corners:[ [ 4.4515002518892288e-03, 3.2419256865978241e-02,
       -1.9557692110538483e-02 ], [ 2.2277047857642174e-02,
       2.6828758418560028e-02, -3.1176477670669556e-02 ], [
       2.8371268883347511e-02, 1.3011375442147255e-02,
       -1.5178340487182140e-02 ], [ 1.0545721277594566e-02,
       1.8601875752210617e-02, -3.5595567896962166e-03 ] ] }
   - { id:9, corners:[ [ -2.2711930796504021e-02, 2.6478439569473267e-02,
       -3.0893515795469284e-02 ], [ -5.0021987408399582e-03,
       3.2440271228551865e-02, -1.9282227382063866e-02 ], [
       -1.0764395818114281e-02, 1.8450744450092316e-02,
       -3.3106841146945953e-03 ], [ -2.8474127873778343e-02,
       1.2488911859691143e-02, -1.4921972528100014e-02 ] ] }
   - { id:10, corners:[ [ -1.8886389210820198e-02,
       1.2975299730896950e-02, -5.7943947613239288e-02 ], [
       -2.5449709966778755e-02, 2.2534452378749847e-02,
       -3.9247814565896988e-02 ], [ -3.4969523549079895e-02,
       3.7204511463642120e-03, -3.2970346510410309e-02 ], [
       -2.8406200930476189e-02, -5.8387015014886856e-03,
       -5.1666479557752609e-02 ] ] }
