%YAML:1.0
---
aruco_bc_dict: TAG16h5
aruco_bc_nmarkers: 11
aruco_bc_mInfoType: 1
aruco_bc_markers:
   - { id:0, corners:[ [ -1.1077677831053734e-02,
       -2.3306328803300858e-02, -7.3408437892794609e-03 ], [
       1.0920045897364616e-02, -2.3618273437023163e-02,
       -7.3943110182881355e-03 ], [ 1.0730922222137451e-02,
       -3.3594120293855667e-02, -2.7001623064279556e-02 ], [
       -1.1266801506280899e-02, -3.3282175660133362e-02,
       -2.6948157697916031e-02 ] ] }
   - { id:1, corners:[ [ -1.0999999940395355e-02, 1.0999999940395355e-02,
       0. ], [ 1.0999999940395355e-02, 1.0999999940395355e-02, 0. ], [
       1.0999999940395355e-02, -1.0999999940395355e-02, 0. ], [
       -1.0999999940395355e-02, -1.0999999940395355e-02, 0. ] ] }
   - { id:2, corners:[ [ -3.5301160067319870e-02,
       -4.2443582788109779e-03, -2.9582835733890533e-02 ], [
       -2.8352662920951843e-02, 5.3709438070654869e-03,
       -1.1055441573262215e-02 ], [ -1.8835712224245071e-02,
       -1.3467672280967236e-02, -4.8478506505489349e-03 ], [
       -2.5784209370613098e-02, -2.3082975298166275e-02,
       -2.3375244811177254e-02 ] ] }
   - { id:3, corners:[ [ -1.1235044337809086e-02,
       -1.9062172621488571e-02, -5.9545859694480896e-02 ], [
       -2.8967592865228653e-02, -1.3094055466353893e-02,
       -4.7972686588764191e-02 ], [ -2.3194201290607452e-02,
       -2.7016762644052505e-02, -3.1946890056133270e-02 ], [
       -5.4616527631878853e-03, -3.2984878867864609e-02,
       -4.3520063161849976e-02 ] ] }
   - { id:4, corners:[ [ 2.8281470760703087e-02, -1.3227654621005058e-02,
       -4.7865629196166992e-02 ], [ 1.0579617694020271e-02,
       -1.9140694290399551e-02, -5.9513818472623825e-02 ], [
       4.7287996858358383e-03, -3.3091299235820770e-02,
       -4.3540447950363159e-02 ], [ 2.2430652752518654e-02,
       -2.7178261429071426e-02, -3.1892258673906326e-02 ] ] }
   - { id:5, corners:[ [ 2.8226679190993309e-02, 5.2914069965481758e-03,
       -1.1316401883959770e-02 ], [ 3.5044617950916290e-02,
       -4.0605016984045506e-03, -3.0026225373148918e-02 ], [
       2.5709172710776329e-02, -2.3030985146760941e-02,
       -2.3945907130837440e-02 ], [ 1.8891233950853348e-02,
       -1.3679075986146927e-02, -5.2360836416482925e-03 ] ] }
   - { id:6, corners:[ [ 1.0739880613982677e-02, 1.0867795906960964e-02,
       -6.3310578465461731e-02 ], [ -1.1259996332228184e-02,
       1.0798073373734951e-02, -6.3286729156970978e-02 ], [
       -1.1190270073711872e-02, -1.1201816610991955e-02,
       -6.3284173607826233e-02 ], [ 1.0809606872498989e-02,
       -1.1132094077765942e-02, -6.3308022916316986e-02 ] ] }
   - { id:7, corners:[ [ 2.5564000010490417e-02, 2.2657319903373718e-02,
       -3.9139144122600555e-02 ], [ 1.8640661612153053e-02,
       1.3446863740682602e-02, -5.7880401611328125e-02 ], [
       2.8027281165122986e-02, -5.5630505084991455e-03,
       -5.2005492150783539e-02 ], [ 3.4950621426105499e-02,
       3.6474051885306835e-03, -3.3264234662055969e-02 ] ] }
   - { id:8, corners:[ [ 4.5106299221515656e-03, 3.2512821257114410e-02,
       -1.9595513120293617e-02 ], [ 2.2406652569770813e-02,
       2.6949988678097725e-02, -3.1118849292397499e-02 ], [
       2.8383541852235794e-02, 1.3065962120890617e-02,
       -1.5134150162339211e-02 ], [ 1.0487519204616547e-02,
       1.8628792837262154e-02, -3.6108139902353287e-03 ] ] }
   - { id:9, corners:[ [ -2.2877272218465805e-02, 2.6710182428359985e-02,
       -3.1045988202095032e-02 ], [ -5.0538117066025734e-03,
       3.2522086054086685e-02, -1.9533123821020126e-02 ], [
       -1.0773279704153538e-02, 1.8481772392988205e-02,
       -3.5908110439777374e-03 ], [ -2.8596740216016769e-02,
       1.2669869698584080e-02, -1.5103675425052643e-02 ] ] }
   - { id:10, corners:[ [ -1.9116694107651711e-02,
       1.2917025014758110e-02, -5.8271475136280060e-02 ], [
       -2.5607531890273094e-02, 2.2539423778653145e-02,
       -3.9582483470439911e-02 ], [ -3.5064078867435455e-02,
       3.7341080605983734e-03, -3.3184528350830078e-02 ], [
       -2.8573242947459221e-02, -5.8882907032966614e-03,
       -5.1873520016670227e-02 ] ] }
