%YAML:1.0
---
aruco_bc_dict: TAG16h5
aruco_bc_nmarkers: 11
aruco_bc_mInfoType: 1
aruco_bc_markers:
   - { id:0, corners:[ [ -1.1113313958048820e-02,
       -2.3401703685522079e-02, -7.3939366266131401e-03 ], [
       1.0885991156101227e-02, -2.3576147854328156e-02,
       -7.4050677940249443e-03 ], [ 1.0796505957841873e-02,
       -3.3611953258514404e-02, -2.6982467621564865e-02 ], [
       -1.1202799156308174e-02, -3.3437509089708328e-02,
       -2.6971336454153061e-02 ] ] }
   - { id:1, corners:[ [ -1.0999999940395355e-02, 1.0999999940395355e-02,
       0. ], [ 1.0999999940395355e-02, 1.0999999940395355e-02, 0. ], [
       1.0999999940395355e-02, -1.0999999940395355e-02, 0. ], [
       -1.0999999940395355e-02, -1.0999999940395355e-02, 0. ] ] }
   - { id:2, corners:[ [ -3.5315308719873428e-02,
       -4.2700725607573986e-03, -2.9648860916495323e-02 ], [
       -2.8374195098876953e-02, 5.3415838629007339e-03,
       -1.1116808280348778e-02 ], [ -1.8854957073926926e-02,
       -1.3496700674295425e-02, -4.9117226153612137e-03 ], [
       -2.5796070694923401e-02, -2.3108357563614845e-02,
       -2.3443775251507759e-02 ] ] }
   - { id:3, corners:[ [ -1.1186976917088032e-02,
       -1.9084930419921875e-02, -5.9566423296928406e-02 ], [
       -2.8915267437696457e-02, -1.3114991597831249e-02,
       -4.7987669706344604e-02 ], [ -2.3145724087953568e-02,
       -2.7048483490943909e-02, -3.1969867646694183e-02 ], [
       -5.4174317046999931e-03, -3.3018421381711960e-02,
       -4.3548621237277985e-02 ] ] }
   - { id:4, corners:[ [ 2.8321526944637299e-02, -1.3256293721497059e-02,
       -4.7867882996797562e-02 ], [ 1.0608254000544548e-02,
       -1.9148573279380798e-02, -5.9509232640266418e-02 ], [
       4.7579966485500336e-03, -3.3107016235589981e-02,
       -4.3542500585317612e-02 ], [ 2.2471269592642784e-02,
       -2.7214735746383667e-02, -3.1901150941848755e-02 ] ] }
   - { id:5, corners:[ [ 2.8259284794330597e-02, 5.2584735676646233e-03,
       -1.1307572945952415e-02 ], [ 3.5082876682281494e-02,
       -4.0936684235930443e-03, -3.0015219002962112e-02 ], [
       2.5761693716049194e-02, -2.3069273680448532e-02,
       -2.3929012939333916e-02 ], [ 1.8938099965453148e-02,
       -1.3717132620513439e-02, -5.2213668823242188e-03 ] ] }
   - { id:6, corners:[ [ 1.0816451162099838e-02, 1.0804175399243832e-02,
       -6.3307993113994598e-02 ], [ -1.1183453723788261e-02,
       1.0802495293319225e-02, -6.3243150711059570e-02 ], [
       -1.1181935667991638e-02, -1.1197435669600964e-02,
       -6.3298530876636505e-02 ], [ 1.0817969217896461e-02,
       -1.1195755563676357e-02, -6.3363373279571533e-02 ] ] }
   - { id:7, corners:[ [ 2.5611672550439835e-02, 2.2613678127527237e-02,
       -3.9126396179199219e-02 ], [ 1.8688810989260674e-02,
       1.3419974595308304e-02, -5.7876057922840118e-02 ], [
       2.8071045875549316e-02, -5.5965790525078773e-03,
       -5.2015654742717743e-02 ], [ 3.4993909299373627e-02,
       3.5971230827271938e-03, -3.3265992999076843e-02 ] ] }
   - { id:8, corners:[ [ 4.5010289177298546e-03, 3.2462563365697861e-02,
       -1.9610069692134857e-02 ], [ 2.2397723048925400e-02,
       2.6899207383394241e-02, -3.1132113188505173e-02 ], [
       2.8374608606100082e-02, 1.3017229735851288e-02,
       -1.5145634301006794e-02 ], [ 1.0477916337549686e-02,
       1.8580585718154907e-02, -3.6235908046364784e-03 ] ] }
   - { id:9, corners:[ [ -2.2867571562528610e-02, 2.6637610048055649e-02,
       -3.1086053699254990e-02 ], [ -5.0510670989751816e-03,
       3.2462634146213531e-02, -1.9569056108593941e-02 ], [
       -1.0769508779048920e-02, 1.8425829708576202e-02,
       -3.6232881247997284e-03 ], [ -2.8586013242602348e-02,
       1.2600805610418320e-02, -1.5140285715460777e-02 ] ] }
   - { id:10, corners:[ [ -1.9066127017140388e-02,
       1.2863550335168839e-02, -5.8286406099796295e-02 ], [
       -2.5613637641072273e-02, 2.2502895444631577e-02,
       -3.9625935256481171e-02 ], [ -3.5042628645896912e-02,
       3.6880769766867161e-03, -3.3215261995792389e-02 ], [
       -2.8495119884610176e-02, -5.9512695297598839e-03,
       -5.1875732839107513e-02 ] ] }
