%YAML:1.0
---
aruco_bc_dict: TAG16h5
aruco_bc_nmarkers: 11
aruco_bc_mInfoType: 1
aruco_bc_markers:
   - { id:11, corners:[ [ 1.6452068462967873e-02,
       -3.2062109559774399e-02, -8.0929771065711975e-02 ], [
       -1.6547566279768944e-02, -3.2019503414630890e-02,
       -8.0780833959579468e-02 ], [ -1.6434414312243462e-02,
       -4.7057870775461197e-02, -5.1406789571046829e-02 ], [
       1.6565220430493355e-02, -4.7100476920604706e-02,
       -5.1555719226598740e-02 ] ] }
   - { id:12, corners:[ [ 1.6288809478282928e-02, 1.7489315941929817e-02,
       -9.0731203556060791e-02 ], [ -1.6710665076971054e-02,
       1.7343102023005486e-02, -9.0846680104732513e-02 ], [
       -1.6563717275857925e-02, -1.5655895695090294e-02,
       -9.1057628393173218e-02 ], [ 1.6435757279396057e-02,
       -1.5509682707488537e-02, -9.0942151844501495e-02 ] ] }
   - { id:13, corners:[ [ 5.0508998334407806e-02,
       -4.5950263738632202e-03, -4.7429822385311127e-02 ], [
       4.0490876883268356e-02, 9.5708370208740234e-03,
       -7.5500547885894775e-02 ], [ 2.6299796998500824e-02,
       -1.8756028264760971e-02, -8.4731034934520721e-02 ], [
       3.6317918449640274e-02, -3.2921891659498215e-02,
       -5.6660309433937073e-02 ] ] }
   - { id:14, corners:[ [ 1.4928704127669334e-02,
       -2.6611737906932831e-02, -4.8407167196273804e-03 ], [
       4.1683144867420197e-02, -1.7940308898687363e-02,
       -2.2103570401668549e-02 ], [ 3.2831668853759766e-02,
       -3.8648970425128937e-02, -4.6224154531955719e-02 ], [
       6.0772243887186050e-03, -4.7320399433374405e-02,
       -2.8961300849914551e-02 ] ] }
   - { id:15, corners:[ [ -4.1744172573089600e-02,
       -1.7558265477418900e-02, -2.1847404539585114e-02 ], [
       -1.5121264383196831e-02, -2.6586728170514107e-02,
       -4.5642443001270294e-03 ], [ -6.5294820815324783e-03,
       -4.7412384301424026e-02, -2.8677999973297119e-02 ], [
       -3.3152386546134949e-02, -3.8383919745683670e-02,
       -4.5961160212755203e-02 ] ] }
   - { id:16, corners:[ [ -4.0764771401882172e-02,
       9.7329970449209213e-03, -7.5099661946296692e-02 ], [
       -5.0980120897293091e-02, -4.6967673115432262e-03,
       -4.7235190868377686e-02 ], [ -3.6876201629638672e-02,
       -3.2985173165798187e-02, -5.6713879108428955e-02 ], [
       -2.6660853996872902e-02, -1.8555410206317902e-02,
       -8.4578350186347961e-02 ] ] }
   - { id:17, corners:[ [ -1.6499999910593033e-02,
       1.6499999910593033e-02, 0. ], [ 1.6499999910593033e-02,
       1.6499999910593033e-02, 0. ], [ 1.6499999910593033e-02,
       -1.6499999910593033e-02, 0. ], [ -1.6499999910593033e-02,
       -1.6499999910593033e-02, 0. ] ] }
   - { id:18, corners:[ [ -3.6577545106410980e-02,
       3.4019485116004944e-02, -3.4412480890750885e-02 ], [
       -2.6572298258543015e-02, 1.9664909690618515e-02,
       -6.4331833273172379e-03 ], [ -4.0672376751899719e-02,
       -8.6273159831762314e-03, -1.5906190499663353e-02 ], [
       -5.0677623599767685e-02, 5.7272622361779213e-03,
       -4.3885484337806702e-02 ] ] }
   - { id:19, corners:[ [ -6.0744322836399078e-03,
       4.8123460263013840e-02, -6.2316991388797760e-02 ], [
       -3.2847873866558075e-02, 3.9321143180131912e-02,
       -4.5150108635425568e-02 ], [ -4.1396901011466980e-02,
       1.8410239368677139e-02, -6.9205217063426971e-02 ], [
       -1.4623457565903664e-02, 2.7212556451559067e-02,
       -8.6372099816799164e-02 ] ] }
   - { id:20, corners:[ [ 3.2670851796865463e-02, 3.9290048182010651e-02,
       -4.4961743056774139e-02 ], [ 6.0741845518350601e-03,
       4.8066273331642151e-02, -6.2414392828941345e-02 ], [
       1.4859586954116821e-02, 2.7107298374176025e-02,
       -8.6342163383960724e-02 ], [ 4.1456252336502075e-02,
       1.8331073224544525e-02, -6.8889513611793518e-02 ] ] }
   - { id:21, corners:[ [ 2.6546761393547058e-02, 1.9550904631614685e-02,
       -6.4364578574895859e-03 ], [ 3.6633871495723724e-02,
       3.3858183771371841e-02, -3.4410588443279266e-02 ], [
       5.0547584891319275e-02, 5.4815416224300861e-03,
       -4.3906629085540771e-02 ], [ 4.0460474789142609e-02,
       -8.8257379829883575e-03, -1.5932496637105942e-02 ] ] }
