%YAML:1.0
---
aruco_bc_dict: TAG16h5
aruco_bc_nmarkers: 11
aruco_bc_mInfoType: 1
aruco_bc_markers:
   - { id:11, corners:[ [ 1.6324158757925034e-02,
       -3.1266164034605026e-02, -8.1334725022315979e-02 ], [
       -1.6675110906362534e-02, -3.1173789873719215e-02,
       -8.1135764718055725e-02 ], [ -1.6542386263608932e-02,
       -4.6596575528383255e-02, -5.1961805671453476e-02 ], [
       1.6456883400678635e-02, -4.6688951551914215e-02,
       -5.2160769701004028e-02 ] ] }
   - { id:12, corners:[ [ 1.6275232657790184e-02, 1.8472693860530853e-02,
       -9.0536244213581085e-02 ], [ -1.6724741086363792e-02,
       1.8432274460792542e-02, -9.0542159974575043e-02 ], [
       -1.6684202477335930e-02, -1.4559719711542130e-02,
       -9.1267906129360199e-02 ], [ 1.6315771266818047e-02,
       -1.4519300311803818e-02, -9.1261990368366241e-02 ] ] }
   - { id:13, corners:[ [ 5.0550915300846100e-02,
       -4.2530666105449200e-03, -4.7589022666215897e-02 ], [
       4.0449228137731552e-02, 1.0315683670341969e-02,
       -7.5422585010528564e-02 ], [ 2.6215387508273125e-02,
       -1.7870778217911720e-02, -8.5010141134262085e-02 ], [
       3.6317076534032822e-02, -3.2439529895782471e-02,
       -5.7176575064659119e-02 ] ] }
   - { id:14, corners:[ [ 1.4943933114409447e-02,
       -2.6690626516938210e-02, -5.1271561533212662e-03 ], [
       4.1669160127639771e-02, -1.7802504822611809e-02,
       -2.2324934601783752e-02 ], [ 3.2797612249851227e-02,
       -3.8236081600189209e-02, -4.6671696007251740e-02 ], [
       6.0723870992660522e-03, -4.7124199569225311e-02,
       -2.9473915696144104e-02 ] ] }
   - { id:15, corners:[ [ -4.1837096214294434e-02,
       -1.7349429428577423e-02, -2.1997515112161636e-02 ], [
       -1.5213325619697571e-02, -2.6608034968376160e-02,
       -4.8378780484199524e-03 ], [ -6.6640377044677734e-03,
       -4.7166444361209869e-02, -2.9194835573434830e-02 ], [
       -3.3287808299064636e-02, -3.7907838821411133e-02,
       -4.6354472637176514e-02 ] ] }
   - { id:16, corners:[ [ -4.0813829749822617e-02,
       1.0668257251381874e-02, -7.4913956224918365e-02 ], [
       -5.1047436892986298e-02, -4.0991446003317833e-03,
       -4.7233689576387405e-02 ], [ -3.7045646458864212e-02,
       -3.2304078340530396e-02, -5.7104431092739105e-02 ], [
       -2.6812037453055382e-02, -1.7536673694849014e-02,
       -8.4784701466560364e-02 ] ] }
   - { id:17, corners:[ [ -1.6499999910593033e-02,
       1.6499999910593033e-02, 0. ], [ 1.6499999910593033e-02,
       1.6499999910593033e-02, 0. ], [ 1.6499999910593033e-02,
       -1.6499999910593033e-02, 0. ], [ -1.6499999910593033e-02,
       -1.6499999910593033e-02, 0. ] ] }
   - { id:18, corners:[ [ -3.6560282111167908e-02,
       3.4454453736543655e-02, -3.3938452601432800e-02 ], [
       -2.6496270671486855e-02, 1.9725073128938675e-02,
       -6.1758700758218765e-03 ], [ -4.0679916739463806e-02,
       -8.4173204377293587e-03, -1.5965146943926811e-02 ], [
       -5.0743930041790009e-02, 6.3120592385530472e-03,
       -4.3727733194828033e-02 ] ] }
   - { id:19, corners:[ [ -5.9371981769800186e-03,
       4.8817664384841919e-02, -6.1640881001949310e-02 ], [
       -3.2674212008714676e-02, 3.9879530668258667e-02,
       -4.4487401843070984e-02 ], [ -4.1412763297557831e-02,
       1.9352855160832405e-02, -6.8803928792476654e-02 ], [
       -1.4675751328468323e-02, 2.8290988877415657e-02,
       -8.5957407951354980e-02 ] ] }
   - { id:20, corners:[ [ 3.2832942903041840e-02, 3.9653372019529343e-02,
       -4.4478006660938263e-02 ], [ 6.1915758997201920e-03,
       4.8740375787019730e-02, -6.1701938509941101e-02 ], [
       1.4832552522420883e-02, 2.8099952265620232e-02,
       -8.5956968367099762e-02 ], [ 4.1473917663097382e-02,
       1.9012946635484695e-02, -6.8733036518096924e-02 ] ] }
   - { id:21, corners:[ [ 2.6656229048967361e-02, 1.9460491836071014e-02,
       -6.1869937926530838e-03 ], [ 3.6727424710988998e-02,
       3.4129541367292404e-02, -3.3978898078203201e-02 ], [
       5.0579879432916641e-02, 5.8613982982933521e-03,
       -4.3879479169845581e-02 ], [ 4.0508683770895004e-02,
       -8.8076516985893250e-03, -1.6087576746940613e-02 ] ] }
