%YAML:1.0
---
aruco_bc_dict: TAG16h5
aruco_bc_nmarkers: 11
aruco_bc_mInfoType: 1
aruco_bc_markers:
   - { id:0, corners:[ [ 1.0627339594066143e-02, -2.3363139480352402e-02,
       -5.5824764072895050e-02 ], [ -1.1370879597961903e-02,
       -2.3570323362946510e-02, -5.5636573582887650e-02 ], [
       -1.1109680868685246e-02, -3.3450804650783539e-02,
       -3.5981856286525726e-02 ], [ 1.0888538323342800e-02,
       -3.3243622630834579e-02, -3.6170046776533127e-02 ] ] }
   - { id:1, corners:[ [ 1.0469992645084858e-02, 1.1086428537964821e-02,
       -6.3224926590919495e-02 ], [ -1.1529712937772274e-02,
       1.0973129421472549e-02, -6.3213832676410675e-02 ], [
       -1.1416445486247540e-02, -1.1026494204998016e-02,
       -6.3274785876274109e-02 ], [ 1.0583260096609592e-02,
       -1.0913195088505745e-02, -6.3285879790782928e-02 ] ] }
   - { id:2, corners:[ [ 3.4602805972099304e-02, -4.0291924960911274e-03,
       -3.3485855907201767e-02 ], [ 2.7822067961096764e-02,
       5.5254036560654640e-03, -5.2106577903032303e-02 ], [
       1.8445283174514771e-02, -1.3360703364014626e-02,
       -5.8382790535688400e-02 ], [ 2.5226021185517311e-02,
       -2.2915299981832504e-02, -3.9762068539857864e-02 ] ] }
   - { id:3, corners:[ [ 1.0857000946998596e-02, -1.8759889528155327e-02,
       -3.8241334259510040e-03 ], [ 2.8660789132118225e-02,
       -1.2927577830851078e-02, -1.5357097610831261e-02 ], [
       2.2884715348482132e-02, -2.6899153366684914e-02,
       -3.1339339911937714e-02 ], [ 5.0809271633625031e-03,
       -3.2731465995311737e-02, -1.9806375727057457e-02 ] ] }
   - { id:4, corners:[ [ -2.8466086834669113e-02,
       -1.3135795481503010e-02, -1.5249611809849739e-02 ], [
       -1.0707962326705456e-02, -1.9002545624971390e-02,
       -3.6638323217630386e-03 ], [ -4.8922477290034294e-03,
       -3.2958876341581345e-02, -1.9645018503069878e-02 ], [
       -2.2650372236967087e-02, -2.7092125266790390e-02,
       -3.1230797991156578e-02 ] ] }
   - { id:5, corners:[ [ -2.8638580814003944e-02, 5.2313040941953659e-03,
       -5.1578447222709656e-02 ], [ -3.5396728664636612e-02,
       -4.2251846753060818e-03, -3.2899521291255951e-02 ], [
       -2.6039181277155876e-02, -2.3147853091359138e-02,
       -3.9093792438507080e-02 ], [ -1.9281033426523209e-02,
       -1.3691363856196404e-02, -5.7772718369960785e-02 ] ] }
   - { id:6, corners:[ [ -1.0999999940395355e-02, 1.0999999940395355e-02,
       0. ], [ 1.0999999940395355e-02, 1.0999999940395355e-02, 0. ], [
       1.0999999940395355e-02, -1.0999999940395355e-02, 0. ], [
       -1.0999999940395355e-02, -1.0999999940395355e-02, 0. ] ] }
   - { id:7, corners:[ [ -2.5814870372414589e-02, 2.2632680833339691e-02,
       -2.3819722235202789e-02 ], [ -1.8856944516301155e-02,
       1.3353882357478142e-02, -5.1250383257865906e-03 ], [
       -2.8250114992260933e-02, -5.6359106674790382e-03,
       -1.1054288595914841e-02 ], [ -3.5208038985729218e-02,
       3.6428864113986492e-03, -2.9748972505331039e-02 ] ] }
   - { id:8, corners:[ [ -5.0272345542907715e-03, 3.2477010041475296e-02,
       -4.3561201542615891e-02 ], [ -2.2764375433325768e-02,
       2.6802955195307732e-02, -3.1848005950450897e-02 ], [
       -2.8818447142839432e-02, 1.2872960418462753e-02,
       -4.7763515263795853e-02 ], [ -1.1081306263804436e-02,
       1.8547015264630318e-02, -5.9476710855960846e-02 ] ] }
   - { id:9, corners:[ [ 2.2169508039951324e-02, 2.6631738990545273e-02,
       -3.2128810882568359e-02 ], [ 4.3532177805900574e-03,
       3.2483100891113281e-02, -4.3632782995700836e-02 ], [
       1.0130051523447037e-02, 1.8563073128461838e-02,
       -5.9659667313098907e-02 ], [ 2.7946341782808304e-02,
       1.2711713090538979e-02, -4.8155695199966431e-02 ] ] }
   - { id:10, corners:[ [ 1.8623463809490204e-02, 1.3111941516399384e-02,
       -5.1446203142404556e-03 ], [ 2.5276686996221542e-02,
       2.2687107324600220e-02, -2.3800740018486977e-02 ], [
       3.4740436822175980e-02, 3.8500404916703701e-03,
       -3.0093776062130928e-02 ], [ 2.8087213635444641e-02,
       -5.7251257821917534e-03, -1.1437656357884407e-02 ] ] }
