%YAML:1.0
---
aruco_bc_dict: TAG16h5
aruco_bc_nmarkers: 11
aruco_bc_mInfoType: 1
aruco_bc_markers:
   - { id:0, corners:[ [ -1.0913032107055187e-02,
       -2.3541964590549469e-02, -7.3402477428317070e-03 ], [
       1.1085324920713902e-02, -2.3505434393882751e-02,
       -7.6066488400101662e-03 ], [ 1.0864163748919964e-02,
       -3.3444650471210480e-02, -2.7232218533754349e-02 ], [
       -1.1134193278849125e-02, -3.3481180667877197e-02,
       -2.6965819299221039e-02 ] ] }
   - { id:1, corners:[ [ -1.0999999940395355e-02, 1.0999999940395355e-02,
       0. ], [ 1.0999999940395355e-02, 1.0999999940395355e-02, 0. ], [
       1.0999999940395355e-02, -1.0999999940395355e-02, 0. ], [
       -1.0999999940395355e-02, -1.0999999940395355e-02, 0. ] ] }
   - { id:2, corners:[ [ -3.5186715424060822e-02,
       -4.2788903228938580e-03, -2.9677111655473709e-02 ], [
       -2.8278481215238571e-02, 5.3435051813721657e-03,
       -1.1138346977531910e-02 ], [ -1.8717681989073753e-02,
       -1.3473963364958763e-02, -4.9340007826685905e-03 ], [
       -2.5625914335250854e-02, -2.3096360266208649e-02,
       -2.3472767323255539e-02 ] ] }
   - { id:3, corners:[ [ -1.1113079264760017e-02,
       -1.9075874239206314e-02, -5.9495229274034500e-02 ], [
       -2.8864109888672829e-02, -1.3083142228424549e-02,
       -4.7963183373212814e-02 ], [ -2.3128470405936241e-02,
       -2.6988212019205093e-02, -3.1908545643091202e-02 ], [
       -5.3774397820234299e-03, -3.2980944961309433e-02,
       -4.3440591543912888e-02 ] ] }
   - { id:4, corners:[ [ 2.8248634189367294e-02, -1.3162542134523392e-02,
       -4.7933056950569153e-02 ], [ 1.0483361780643463e-02,
       -1.9032426178455353e-02, -5.9506282210350037e-02 ], [
       4.7205314040184021e-03, -3.3043455332517624e-02,
       -4.3553821742534637e-02 ], [ 2.2485803812742233e-02,
       -2.7173571288585663e-02, -3.1980596482753754e-02 ] ] }
   - { id:5, corners:[ [ 2.8169061988592148e-02, 5.3659984841942787e-03,
       -1.1498693376779556e-02 ], [ 3.4991499036550522e-02,
       -4.0049450471997261e-03, -3.0197350308299065e-02 ], [
       2.5747865438461304e-02, -2.2999085485935211e-02,
       -2.4050977081060410e-02 ], [ 1.8925428390502930e-02,
       -1.3628141023218632e-02, -5.3523201495409012e-03 ] ] }
   - { id:6, corners:[ [ 1.0843096300959587e-02, 1.0697855614125729e-02,
       -6.3310459256172180e-02 ], [ -1.1156879365444183e-02,
       1.0710970498621464e-02, -6.3341051340103149e-02 ], [
       -1.1169914156198502e-02, -1.1288947425782681e-02,
       -6.3399523496627808e-02 ], [ 1.0830061510205269e-02,
       -1.1302062310278416e-02, -6.3368931412696838e-02 ] ] }
   - { id:7, corners:[ [ 2.5425940752029419e-02, 2.2668786346912384e-02,
       -3.9300341159105301e-02 ], [ 1.8632989376783371e-02,
       1.3335308060050011e-02, -5.8028448373079300e-02 ], [
       2.8009999543428421e-02, -5.6249946355819702e-03,
       -5.1980424672365189e-02 ], [ 3.4802950918674469e-02,
       3.7084836512804031e-03, -3.3252317458391190e-02 ] ] }
   - { id:8, corners:[ [ 4.4222483411431313e-03, 3.2441355288028717e-02,
       -1.9553355872631073e-02 ], [ 2.2243954241275787e-02,
       2.6912733912467957e-02, -3.1207589432597160e-02 ], [
       2.8352886438369751e-02, 1.3023886829614639e-02,
       -1.5277087688446045e-02 ], [ 1.0531180538237095e-02,
       1.8552508205175400e-02, -3.6228541284799576e-03 ] ] }
   - { id:9, corners:[ [ -2.2786790505051613e-02, 2.6479393243789673e-02,
       -3.1090624630451202e-02 ], [ -5.0551313906908035e-03,
       3.2429233193397522e-02, -1.9506683573126793e-02 ], [
       -1.0787276551127434e-02, 1.8423382192850113e-02,
       -3.5386309027671814e-03 ], [ -2.8518935665488243e-02,
       1.2473544105887413e-02, -1.5122571960091591e-02 ] ] }
   - { id:10, corners:[ [ -1.8899837508797646e-02,
       1.2881287373602390e-02, -5.8210399001836777e-02 ], [
       -2.5513714179396629e-02, 2.2495586425065994e-02,
       -3.9560414850711823e-02 ], [ -3.4992434084415436e-02,
       3.6810291931033134e-03, -3.3222731202840805e-02 ], [
       -2.8378555551171303e-02, -5.9332707896828651e-03,
       -5.1872715353965759e-02 ] ] }
