%YAML:1.0
---
aruco_bc_dict: TAG16h5
aruco_bc_nmarkers: 11
aruco_bc_mInfoType: 1
aruco_bc_markers:
   - { id:0, corners:[ [ -1.0917707346379757e-02,
       -2.3609165102243423e-02, -7.3493281379342079e-03 ], [
       1.1080219410359859e-02, -2.3507047444581985e-02,
       -7.6335957273840904e-03 ], [ 1.0872491635382175e-02,
       -3.3423572778701782e-02, -2.7270790189504623e-02 ], [
       -1.1125435121357441e-02, -3.3525690436363220e-02,
       -2.6986520737409592e-02 ] ] }
   - { id:1, corners:[ [ -1.0999999940395355e-02, 1.0999999940395355e-02,
       0. ], [ 1.0999999940395355e-02, 1.0999999940395355e-02, 0. ], [
       1.0999999940395355e-02, -1.0999999940395355e-02, 0. ], [
       -1.0999999940395355e-02, -1.0999999940395355e-02, 0. ] ] }
   - { id:2, corners:[ [ -3.5186581313610077e-02,
       -4.2923721484839916e-03, -2.9698319733142853e-02 ], [
       -2.8280938044190407e-02, 5.3291097283363342e-03,
       -1.1158113367855549e-02 ], [ -1.8731433898210526e-02,
       -1.3492092490196228e-02, -4.9476968124508858e-03 ], [
       -2.5637077167630196e-02, -2.3113574832677841e-02,
       -2.3487903177738190e-02 ] ] }
   - { id:3, corners:[ [ -1.1141891591250896e-02,
       -1.9062029197812080e-02, -5.9525355696678162e-02 ], [
       -2.8877802193164825e-02, -1.3049155473709106e-02,
       -4.7980539500713348e-02 ], [ -2.3153822869062424e-02,
       -2.6970857754349709e-02, -3.1936153769493103e-02 ], [
       -5.4179122671484947e-03, -3.2983731478452682e-02,
       -4.3480969965457916e-02 ] ] }
   - { id:4, corners:[ [ 2.8252508491277695e-02, -1.3135766610503197e-02,
       -4.7947369515895844e-02 ], [ 1.0484892874956131e-02,
       -1.8988836556673050e-02, -5.9525512158870697e-02 ], [
       4.7171972692012787e-03, -3.3011950552463531e-02,
       -4.3585442006587982e-02 ], [ 2.2484812885522842e-02,
       -2.7158882468938828e-02, -3.2007299363613129e-02 ] ] }
   - { id:5, corners:[ [ 2.8211884200572968e-02, 5.3440807387232780e-03,
       -1.1439828202128410e-02 ], [ 3.5015724599361420e-02,
       -3.9613698609173298e-03, -3.0177926644682884e-02 ], [
       2.5740131735801697e-02, -2.2964742034673691e-02,
       -2.4108724668622017e-02 ], [ 1.8936291337013245e-02,
       -1.3659292832016945e-02, -5.3706262260675430e-03 ] ] }
   - { id:6, corners:[ [ 1.0862005874514580e-02, 1.0724507272243500e-02,
       -6.3315950334072113e-02 ], [ -1.1137954890727997e-02,
       1.0760499164462090e-02, -6.3337244093418121e-02 ], [
       -1.1173885315656662e-02, -1.1239383369684219e-02,
       -6.3399501144886017e-02 ], [ 1.0826075449585915e-02,
       -1.1275375261902809e-02, -6.3378207385540009e-02 ] ] }
   - { id:7, corners:[ [ 2.5448773056268692e-02, 2.2697437554597855e-02,
       -3.9250217378139496e-02 ], [ 1.8642267212271690e-02,
       1.3394877314567566e-02, -5.7988781481981277e-02 ], [
       2.8001815080642700e-02, -5.5825160816311836e-03,
       -5.1967374980449677e-02 ], [ 3.4808322787284851e-02,
       3.7200427614152431e-03, -3.3228810876607895e-02 ] ] }
   - { id:8, corners:[ [ 4.4283913448452950e-03, 3.2453954219818115e-02,
       -1.9476510584354401e-02 ], [ 2.2246684879064560e-02,
       2.6931816712021828e-02, -3.1139031052589417e-02 ], [
       2.8350561857223511e-02, 1.3020323589444160e-02,
       -1.5226360410451889e-02 ], [ 1.0532266460359097e-02,
       1.8542462959885597e-02, -3.5638399422168732e-03 ] ] }
   - { id:9, corners:[ [ -2.2771365940570831e-02, 2.6494942605495453e-02,
       -3.1104885041713715e-02 ], [ -5.0368951633572578e-03,
       3.2423280179500580e-02, -1.9514221698045731e-02 ], [
       -1.0774896480143070e-02, 1.8401030451059341e-02,
       -3.5626739263534546e-03 ], [ -2.8509367257356644e-02,
       1.2472694739699364e-02, -1.5153337270021439e-02 ] ] }
   - { id:10, corners:[ [ -1.8924456089735031e-02,
       1.2886182405054569e-02, -5.8240223675966263e-02 ], [
       -2.5529481470584869e-02, 2.2500120103359222e-02,
       -3.9586916565895081e-02 ], [ -3.5015985369682312e-02,
       3.6889752373099327e-03, -3.3250745385885239e-02 ], [
       -2.8410959988832474e-02, -5.9249615296721458e-03,
       -5.1904052495956421e-02 ] ] }
