%YAML:1.0
---
aruco_bc_dict: TAG16h5
aruco_bc_nmarkers: 11
aruco_bc_mInfoType: 1
aruco_bc_markers:
   - { id:11, corners:[ [ 1.6176408156752586e-02,
       -3.2265774905681610e-02, -8.0902084708213806e-02 ], [
       -1.6822068020701408e-02, -3.2346211373806000e-02,
       -8.0595500767230988e-02 ], [ -1.6512336209416389e-02,
       -4.7308973968029022e-02, -5.1184277981519699e-02 ], [
       1.6486139968037605e-02, -4.7228537499904633e-02,
       -5.1490869373083115e-02 ] ] }
   - { id:12, corners:[ [ 1.5831787139177322e-02, 1.7226923257112503e-02,
       -9.0779379010200500e-02 ], [ -1.7167445272207260e-02,
       1.7018150538206100e-02, -9.0695083141326904e-02 ], [
       -1.6959097236394882e-02, -1.5980776399374008e-02,
       -9.0860739350318909e-02 ], [ 1.6040135174989700e-02,
       -1.5772003680467606e-02, -9.0945035219192505e-02 ] ] }
   - { id:13, corners:[ [ 5.0267912447452545e-02,
       -4.6219271607697010e-03, -4.7622583806514740e-02 ], [
       4.0037885308265686e-02, 9.4532966613769531e-03,
       -7.5662463903427124e-02 ], [ 2.5903569534420967e-02,
       -1.8944650888442993e-02, -8.4760688245296478e-02 ], [
       3.6133594810962677e-02, -3.3019874244928360e-02,
       -5.6720808148384094e-02 ] ] }
   - { id:14, corners:[ [ 1.4929655008018017e-02,
       -2.6582492515444756e-02, -4.8447307199239731e-03 ], [
       4.1571713984012604e-02, -1.7825340852141380e-02,
       -2.2237632423639297e-02 ], [ 3.2721638679504395e-02,
       -3.8635168224573135e-02, -4.6271510422229767e-02 ], [
       6.0795824974775314e-03, -4.7392316162586212e-02,
       -2.8878610581159592e-02 ] ] }
   - { id:15, corners:[ [ -4.1811183094978333e-02,
       -1.7765607684850693e-02, -2.1658651530742645e-02 ], [
       -1.5101289376616478e-02, -2.6672847568988800e-02,
       -4.4469498097896576e-03 ], [ -6.5184012055397034e-03,
       -4.7513063997030258e-02, -2.8551295399665833e-02 ], [
       -3.3228293061256409e-02, -3.8605824112892151e-02,
       -4.5762997120618820e-02 ] ] }
   - { id:16, corners:[ [ -4.1069556027650833e-02,
       9.4287199899554253e-03, -7.4903666973114014e-02 ], [
       -5.1115594804286957e-02, -4.9659749493002892e-03,
       -4.6959616243839264e-02 ], [ -3.6996301263570786e-02,
       -3.3242855221033096e-02, -5.6449800729751587e-02 ], [
       -2.6950264349579811e-02, -1.8848162144422531e-02,
       -8.4393851459026337e-02 ] ] }
   - { id:17, corners:[ [ -1.6499999910593033e-02,
       1.6499999910593033e-02, 0. ], [ 1.6499999910593033e-02,
       1.6499999910593033e-02, 0. ], [ 1.6499999910593033e-02,
       -1.6499999910593033e-02, 0. ], [ -1.6499999910593033e-02,
       -1.6499999910593033e-02, 0. ] ] }
   - { id:18, corners:[ [ -3.6765988916158676e-02,
       3.3833287656307220e-02, -3.4270126372575760e-02 ], [
       -2.6639003306627274e-02, 1.9527386873960495e-02,
       -6.3097029924392700e-03 ], [ -4.0696013718843460e-02,
       -8.8083809241652489e-03, -1.5716340392827988e-02 ], [
       -5.0822999328374863e-02, 5.4975212551653385e-03,
       -4.3676763772964478e-02 ] ] }
   - { id:19, corners:[ [ -6.3938293606042862e-03,
       4.7860607504844666e-02, -6.2266509979963303e-02 ], [
       -3.3108077943325043e-02, 3.9105255156755447e-02,
       -4.4983781874179840e-02 ], [ -4.1756100952625275e-02,
       1.8151624128222466e-02, -6.8966217339038849e-02 ], [
       -1.5041853301227093e-02, 2.6906980201601982e-02,
       -8.6248941719532013e-02 ] ] }
   - { id:20, corners:[ [ 3.2412514090538025e-02, 3.9224579930305481e-02,
       -4.5220732688903809e-02 ], [ 5.7062413543462753e-03,
       4.7902185469865799e-02, -6.2554925680160522e-02 ], [
       1.4380117878317833e-02, 2.6861466467380524e-02,
       -8.6451619863510132e-02 ], [ 4.1086390614509583e-02,
       1.8183860927820206e-02, -6.9117426872253418e-02 ] ] }
   - { id:21, corners:[ [ 2.6440802961587906e-02, 1.9594123587012291e-02,
       -6.6260155290365219e-03 ], [ 3.6400578916072845e-02,
       3.3855997025966644e-02, -3.4668870270252228e-02 ], [
       5.0313252955675125e-02, 5.4772947914898396e-03,
       -4.4160284101963043e-02 ], [ 4.0353477001190186e-02,
       -8.7845781818032265e-03, -1.6117427498102188e-02 ] ] }
