%YAML:1.0
---
aruco_bc_dict: TAG16h5
aruco_bc_nmarkers: 11
aruco_bc_mInfoType: 1
aruco_bc_markers:
   - { id:0, corners:[ [ -1.0931176133453846e-02,
       -2.3524541407823563e-02, -7.3201712220907211e-03 ], [
       1.1067292653024197e-02, -2.3493243381381035e-02,
       -7.5778495520353317e-03 ], [ 1.0851553641259670e-02,
       -3.3433046191930771e-02, -2.7203185483813286e-02 ], [
       -1.1146915145218372e-02, -3.3464342355728149e-02,
       -2.6945507153868675e-02 ] ] }
   - { id:1, corners:[ [ -1.0999999940395355e-02, 1.0999999940395355e-02,
       0. ], [ 1.0999999940395355e-02, 1.0999999940395355e-02, 0. ], [
       1.0999999940395355e-02, -1.0999999940395355e-02, 0. ], [
       -1.0999999940395355e-02, -1.0999999940395355e-02, 0. ] ] }
   - { id:2, corners:[ [ -3.5190209746360779e-02,
       -4.2291590943932533e-03, -2.9657186940312386e-02 ], [
       -2.8262326493859291e-02, 5.3684497252106667e-03,
       -1.1112907901406288e-02 ], [ -1.8711738288402557e-02,
       -1.3462812639772892e-02, -4.9347374588251114e-03 ], [
       -2.5639621540904045e-02, -2.3060422390699387e-02,
       -2.3479016497731209e-02 ] ] }
   - { id:3, corners:[ [ -1.1103736236691475e-02,
       -1.9029101356863976e-02, -5.9488274157047272e-02 ], [
       -2.8853196650743484e-02, -1.3031929731369019e-02,
       -4.7956120222806931e-02 ], [ -2.3127352818846703e-02,
       -2.6947205886244774e-02, -3.1906828284263611e-02 ], [
       -5.3778924047946930e-03, -3.2944377511739731e-02,
       -4.3438982218503952e-02 ] ] }
   - { id:4, corners:[ [ 2.8251722455024719e-02, -1.3098511844873428e-02,
       -4.7868870198726654e-02 ], [ 1.0499871335923672e-02,
       -1.8960855901241302e-02, -5.9466488659381866e-02 ], [
       4.7147916629910469e-03, -3.2977096736431122e-02,
       -4.3526671826839447e-02 ], [ 2.2466640919446945e-02,
       -2.7114752680063248e-02, -3.1929053366184235e-02 ] ] }
   - { id:5, corners:[ [ 2.8188928961753845e-02, 5.3497189655900002e-03,
       -1.1342390440404415e-02 ], [ 3.4980781376361847e-02,
       -3.9382642135024071e-03, -3.0093498528003693e-02 ], [
       2.5700222700834274e-02, -2.2944439202547073e-02,
       -2.4040691554546356e-02 ], [ 1.8908368423581123e-02,
       -1.3656456954777241e-02, -5.2895834669470787e-03 ] ] }
   - { id:6, corners:[ [ 1.0873430408537388e-02, 1.0758943855762482e-02,
       -6.3264347612857819e-02 ], [ -1.1126535944640636e-02,
       1.0778879746794701e-02, -6.3297398388385773e-02 ], [
       -1.1146361939609051e-02, -1.1220987886190414e-02,
       -6.3371248543262482e-02 ], [ 1.0853604413568974e-02,
       -1.1240923777222633e-02, -6.3338197767734528e-02 ] ] }
   - { id:7, corners:[ [ 2.5427073240280151e-02, 2.2738445550203323e-02,
       -3.9148457348346710e-02 ], [ 1.8635939806699753e-02,
       1.3440134003758430e-02, -5.7894706726074219e-02 ], [
       2.7991354465484619e-02, -5.5383630096912384e-03,
       -5.1870353519916534e-02 ], [ 3.4782487899065018e-02,
       3.7599490024149418e-03, -3.3124104142189026e-02 ] ] }
   - { id:8, corners:[ [ 4.4441428035497665e-03, 3.2509598881006241e-02,
       -1.9282592460513115e-02 ], [ 2.2225888445973396e-02,
       2.6986263692378998e-02, -3.1000198796391487e-02 ], [
       2.8350422158837318e-02, 1.3035357929766178e-02,
       -1.5130029991269112e-02 ], [ 1.0568676516413689e-02,
       1.8558692187070847e-02, -3.4124236553907394e-03 ] ] }
   - { id:9, corners:[ [ -2.2803133353590965e-02, 2.6542991399765015e-02,
       -3.1023830175399780e-02 ], [ -5.0653144717216492e-03,
       3.2456509768962860e-02, -1.9430726766586304e-02 ], [
       -1.0802386328577995e-02, 1.8418882042169571e-02,
       -3.4923776984214783e-03 ], [ -2.8540205210447311e-02,
       1.2505361810326576e-02, -1.5085481107234955e-02 ] ] }
   - { id:10, corners:[ [ -1.8901694566011429e-02,
       1.2926231138408184e-02, -5.8181818574666977e-02 ], [
       -2.5520807132124901e-02, 2.2536765784025192e-02,
       -3.9531752467155457e-02 ], [ -3.4999549388885498e-02,
       3.7203533574938774e-03, -3.3199604600667953e-02 ], [
       -2.8380436822772026e-02, -5.8901822194457054e-03,
       -5.1849670708179474e-02 ] ] }
