%YAML:1.0
---
aruco_bc_dict: TAG16h5
aruco_bc_nmarkers: 11
aruco_bc_mInfoType: 1
aruco_bc_markers:
   - { id:0, corners:[ [ -1.0989605449140072e-02,
       -2.3270981386303902e-02, -7.3349261656403542e-03 ], [
       1.1008174158632755e-02, -2.3564860224723816e-02,
       -7.4413390830159187e-03 ], [ 1.0780724696815014e-02,
       -3.3479332923889160e-02, -2.7079351246356964e-02 ], [
       -1.1217054910957813e-02, -3.3185455948114395e-02,
       -2.6972938328981400e-02 ] ] }
   - { id:1, corners:[ [ -1.0999999940395355e-02, 1.0999999940395355e-02,
       0. ], [ 1.0999999940395355e-02, 1.0999999940395355e-02, 0. ], [
       1.0999999940395355e-02, -1.0999999940395355e-02, 0. ], [
       -1.0999999940395355e-02, -1.0999999940395355e-02, 0. ] ] }
   - { id:2, corners:[ [ -3.5130299627780914e-02,
       -4.1973241604864597e-03, -2.9642838984727859e-02 ], [
       -2.8203941881656647e-02, 5.4327864199876785e-03,
       -1.1114847846329212e-02 ], [ -1.8681626766920090e-02,
       -1.3396689668297768e-02, -4.8877848312258720e-03 ], [
       -2.5607984513044357e-02, -2.3026799783110619e-02,
       -2.3415777832269669e-02 ] ] }
   - { id:3, corners:[ [ -1.1226895265281200e-02,
       -1.9052878022193909e-02, -5.9517599642276764e-02 ], [
       -2.8938770294189453e-02, -1.3061349280178547e-02,
       -4.7924887388944626e-02 ], [ -2.3148305714130402e-02,
       -2.6967409998178482e-02, -3.1890802085399628e-02 ], [
       -5.4364306852221489e-03, -3.2958939671516418e-02,
       -4.3483514338731766e-02 ] ] }
   - { id:4, corners:[ [ 2.8280917555093765e-02, -1.3085307553410530e-02,
       -4.7883596271276474e-02 ], [ 1.0555706918239594e-02,
       -1.8985096365213394e-02, -5.9502951800823212e-02 ], [
       4.7451592981815338e-03, -3.2965108752250671e-02,
       -4.3540593236684799e-02 ], [ 2.2470369935035706e-02,
       -2.7065318077802658e-02, -3.1921237707138062e-02 ] ] }
   - { id:5, corners:[ [ 2.8258457779884338e-02, 5.3760670125484467e-03,
       -1.1327754706144333e-02 ], [ 3.5013385117053986e-02,
       -3.9163981564342976e-03, -3.0089978128671646e-02 ], [
       2.5687050074338913e-02, -2.2902455180883408e-02,
       -2.4044394493103027e-02 ], [ 1.8932124599814415e-02,
       -1.3609990477561951e-02, -5.2821710705757141e-03 ] ] }
   - { id:6, corners:[ [ 1.0729354806244373e-02, 1.0807587765157223e-02,
       -6.3486285507678986e-02 ], [ -1.1270514689385891e-02,
       1.0767481289803982e-02, -6.3421905040740967e-02 ], [
       -1.1230050586163998e-02, -1.1232140474021435e-02,
       -6.3299246132373810e-02 ], [ 1.0769818909466267e-02,
       -1.1192033998668194e-02, -6.3363626599311829e-02 ] ] }
   - { id:7, corners:[ [ 2.5344811379909515e-02, 2.2848278284072876e-02,
       -3.9102103561162949e-02 ], [ 1.8423032015562057e-02,
       1.3583020307123661e-02, -5.7816911488771439e-02 ], [
       2.7939110994338989e-02, -5.3664585575461388e-03,
       -5.1955047994852066e-02 ], [ 3.4860890358686447e-02,
       3.8988003507256508e-03, -3.3240240067243576e-02 ] ] }
   - { id:8, corners:[ [ 4.5401593670248985e-03, 3.2563708722591400e-02,
       -1.9426483660936356e-02 ], [ 2.2421613335609436e-02,
       2.7022134512662888e-02, -3.0982632189989090e-02 ], [
       2.8382312506437302e-02, 1.3057092204689980e-02,
       -1.5062592923641205e-02 ], [ 1.0500860400497913e-02,
       1.8598668277263641e-02, -3.5064443945884705e-03 ] ] }
   - { id:9, corners:[ [ -2.2843565791845322e-02, 2.6753854006528854e-02,
       -3.1036250293254852e-02 ], [ -4.9661435186862946e-03,
       3.2485630363225937e-02, -1.9566960632801056e-02 ], [
       -1.0674685239791870e-02, 1.8422473222017288e-02,
       -3.6408761516213417e-03 ], [ -2.8552107512950897e-02,
       1.2690697796642780e-02, -1.5110163949429989e-02 ] ] }
   - { id:10, corners:[ [ -1.9083717837929726e-02,
       1.2896750122308731e-02, -5.8328669518232346e-02 ], [
       -2.5493735447525978e-02, 2.2542886435985565e-02,
       -3.9624027907848358e-02 ], [ -3.4946300089359283e-02,
       3.7535154260694981e-03, -3.3173557370901108e-02 ], [
       -2.8536280617117882e-02, -5.8926222845911980e-03,
       -5.1878198981285095e-02 ] ] }
