%YAML:1.0
---
aruco_bc_dict: TAG16h5
aruco_bc_nmarkers: 11
aruco_bc_mInfoType: 1
aruco_bc_markers:
   - { id:11, corners:[ [ 1.6304710879921913e-02,
       -3.2139826565980911e-02, -8.0905392765998840e-02 ], [
       -1.6694119200110435e-02, -3.2228615134954453e-02,
       -8.0642133951187134e-02 ], [ -1.6419278457760811e-02,
       -4.7237273305654526e-02, -5.1253959536552429e-02 ], [
       1.6579551622271538e-02, -4.7148484736680984e-02,
       -5.1517222076654434e-02 ] ] }
   - { id:12, corners:[ [ 1.5954788774251938e-02, 1.7376907169818878e-02,
       -9.0668261051177979e-02 ], [ -1.7044339329004288e-02,
       1.7137106508016586e-02, -9.0677186846733093e-02 ], [
       -1.6804486513137817e-02, -1.5861365944147110e-02,
       -9.0885415673255920e-02 ], [ 1.6194641590118408e-02,
       -1.5621566213667393e-02, -9.0876489877700806e-02 ] ] }
   - { id:13, corners:[ [ 5.0319910049438477e-02,
       -4.5221922919154167e-03, -4.7514170408248901e-02 ], [
       4.0126141160726547e-02, 9.5872534438967705e-03,
       -7.5550049543380737e-02 ], [ 2.6021340861916542e-02,
       -1.8805347383022308e-02, -8.4710553288459778e-02 ], [
       3.6215107887983322e-02, -3.2914791256189346e-02,
       -5.6674674153327942e-02 ] ] }
   - { id:14, corners:[ [ 1.4950320124626160e-02,
       -2.6573374867439270e-02, -4.8398803919553757e-03 ], [
       4.1612558066844940e-02, -1.7788831144571304e-02,
       -2.2187983617186546e-02 ], [ 3.2794885337352753e-02,
       -3.8566902279853821e-02, -4.6261213719844818e-02 ], [
       6.1326455324888229e-03, -4.7351446002721786e-02,
       -2.8913108631968498e-02 ] ] }
   - { id:15, corners:[ [ -4.1780643165111542e-02,
       -1.7770411446690559e-02, -2.1715335547924042e-02 ], [
       -1.5088846907019615e-02, -2.6691507548093796e-02,
       -4.4827535748481750e-03 ], [ -6.4552780240774155e-03,
       -4.7477312386035919e-02, -2.8615966439247131e-02 ], [
       -3.3147074282169342e-02, -3.8556214421987534e-02,
       -4.5848548412322998e-02 ] ] }
   - { id:16, corners:[ [ -4.0993731468915939e-02,
       9.4945924356579781e-03, -7.4956849217414856e-02 ], [
       -5.1084272563457489e-02, -4.9541667103767395e-03,
       -4.7056771814823151e-02 ], [ -3.6917198449373245e-02,
       -3.3202107995748520e-02, -5.6561917066574097e-02 ], [
       -2.6826655492186546e-02, -1.8753347918391228e-02,
       -8.4461994469165802e-02 ] ] }
   - { id:17, corners:[ [ -1.6499999910593033e-02,
       1.6499999910593033e-02, 0. ], [ 1.6499999910593033e-02,
       1.6499999910593033e-02, 0. ], [ 1.6499999910593033e-02,
       -1.6499999910593033e-02, 0. ], [ -1.6499999910593033e-02,
       -1.6499999910593033e-02, 0. ] ] }
   - { id:18, corners:[ [ -3.6777503788471222e-02,
       3.3826731145381927e-02, -3.4267455339431763e-02 ], [
       -2.6711991056799889e-02, 1.9507434219121933e-02,
       -6.2916912138462067e-03 ], [ -4.0715321898460388e-02,
       -8.8343620300292969e-03, -1.5760025009512901e-02 ], [
       -5.0780832767486572e-02, 5.4849339649081230e-03,
       -4.3735787272453308e-02 ] ] }
   - { id:19, corners:[ [ -6.4167156815528870e-03,
       4.7966800630092621e-02, -6.2202457338571548e-02 ], [
       -3.3158913254737854e-02, 3.9110921323299408e-02,
       -4.5014433562755585e-02 ], [ -4.1670400649309158e-02,
       1.8162719905376434e-02, -6.9050401449203491e-02 ], [
       -1.4928201213479042e-02, 2.7018599212169647e-02,
       -8.6238421499729156e-02 ] ] }
   - { id:20, corners:[ [ 3.2313294708728790e-02, 3.9280757308006287e-02,
       -4.5000310987234116e-02 ], [ 5.6737996637821198e-03,
       4.7980688512325287e-02, -6.2425822019577026e-02 ], [
       1.4462119899690151e-02, 2.7001827955245972e-02,
       -8.6335077881813049e-02 ], [ 4.1101615875959396e-02,
       1.8301896750926971e-02, -6.8909570574760437e-02 ] ] }
   - { id:21, corners:[ [ 2.6467870920896530e-02, 1.9607204943895340e-02,
       -6.5295509994029999e-03 ], [ 3.6446910351514816e-02,
       3.3906199038028717e-02, -3.4546643495559692e-02 ], [
       5.0381574779748917e-02, 5.5449912324547768e-03,
       -4.4058062136173248e-02 ], [ 4.0402535349130630e-02,
       -8.7540056556463242e-03, -1.6040967777371407e-02 ] ] }
