%YAML:1.0
---
aruco_bc_dict: TAG16h5
aruco_bc_nmarkers: 11
aruco_bc_mInfoType: 1
aruco_bc_markers:
   - { id:11, corners:[ [ 1.6458729282021523e-02,
       -3.1998500227928162e-02, -8.0944165587425232e-02 ], [
       -1.6540965065360069e-02, -3.1976170837879181e-02,
       -8.0803774297237396e-02 ], [ -1.6426267102360725e-02,
       -4.7046229243278503e-02, -5.1445975899696350e-02 ], [
       1.6573427245020866e-02, -4.7068558633327484e-02,
       -5.1586367189884186e-02 ] ] }
   - { id:12, corners:[ [ 1.6273422166705132e-02, 1.7554268240928650e-02,
       -9.0704627335071564e-02 ], [ -1.6726007685065269e-02,
       1.7390284687280655e-02, -9.0808138251304626e-02 ], [
       -1.6561245545744896e-02, -1.5608359128236771e-02,
       -9.1057740151882172e-02 ], [ 1.6438184306025505e-02,
       -1.5444375574588776e-02, -9.0954229235649109e-02 ] ] }
   - { id:13, corners:[ [ 5.0482068210840225e-02,
       -4.5418478548526764e-03, -4.7437988221645355e-02 ], [
       4.0466129779815674e-02, 9.6349343657493591e-03,
       -7.5503975152969360e-02 ], [ 2.6283767074346542e-02,
       -1.8690977245569229e-02, -8.4750778973102570e-02 ], [
       3.6299705505371094e-02, -3.2867759466171265e-02,
       -5.6684788316488266e-02 ] ] }
   - { id:14, corners:[ [ 1.4917701482772827e-02,
       -2.6604261249303818e-02, -4.8629250377416611e-03 ], [
       4.1665345430374146e-02, -1.7904913052916527e-02,
       -2.2122267633676529e-02 ], [ 3.2825212925672531e-02,
       -3.8603905588388443e-02, -4.6255312860012054e-02 ], [
       6.0775689780712128e-03, -4.7303251922130585e-02,
       -2.8995968401432037e-02 ] ] }
   - { id:15, corners:[ [ -4.1751697659492493e-02,
       -1.7570864409208298e-02, -2.1876499056816101e-02 ], [
       -1.5131992287933826e-02, -2.6605486869812012e-02,
       -4.5916307717561722e-03 ], [ -6.5236333757638931e-03,
       -4.7405961900949478e-02, -2.8721202164888382e-02 ], [
       -3.3143341541290283e-02, -3.8371339440345764e-02,
       -4.6006068587303162e-02 ] ] }
   - { id:16, corners:[ [ -4.0777936577796936e-02,
       9.7703216597437859e-03, -7.5081609189510345e-02 ], [
       -5.1003485918045044e-02, -4.6994383446872234e-03,
       -4.7241635620594025e-02 ], [ -3.6876462399959564e-02,
       -3.2967928797006607e-02, -5.6745298206806183e-02 ], [
       -2.6650911197066307e-02, -1.8498169258236885e-02,
       -8.4585271775722504e-02 ] ] }
   - { id:17, corners:[ [ -1.6499999910593033e-02,
       1.6499999910593033e-02, 0. ], [ 1.6499999910593033e-02,
       1.6499999910593033e-02, 0. ], [ 1.6499999910593033e-02,
       -1.6499999910593033e-02, 0. ], [ -1.6499999910593033e-02,
       -1.6499999910593033e-02, 0. ] ] }
   - { id:18, corners:[ [ -3.6605183035135269e-02,
       3.4016359597444534e-02, -3.4372381865978241e-02 ], [
       -2.6602227240800858e-02, 1.9633121788501740e-02,
       -6.4069852232933044e-03 ], [ -4.0682952851057053e-02,
       -8.6553646251559258e-03, -1.5919854864478111e-02 ], [
       -5.0685908645391464e-02, 5.7278750464320183e-03,
       -4.3885249644517899e-02 ] ] }
   - { id:19, corners:[ [ -6.1041340231895447e-03,
       4.8145905137062073e-02, -6.2223494052886963e-02 ], [
       -3.2896593213081360e-02, 3.9326533675193787e-02,
       -4.5095071196556091e-02 ], [ -4.1418228298425674e-02,
       1.8438598141074181e-02, -6.9179832935333252e-02 ], [
       -1.4625770971179008e-02, 2.7257971465587616e-02,
       -8.6308255791664124e-02 ] ] }
   - { id:20, corners:[ [ 3.2638646662235260e-02, 3.9317384362220764e-02,
       -4.4931098818778992e-02 ], [ 6.0382485389709473e-03,
       4.8097863793373108e-02, -6.2375932931900024e-02 ], [
       1.4831414446234703e-02, 2.7162404730916023e-02,
       -8.6321428418159485e-02 ], [ 4.1431810706853867e-02,
       1.8381923437118530e-02, -6.8876594305038452e-02 ] ] }
   - { id:21, corners:[ [ 2.6537975296378136e-02, 1.9571907818317413e-02,
       -6.4466856420040131e-03 ], [ 3.6621153354644775e-02,
       3.3894132822751999e-02, -3.4414581954479218e-02 ], [
       5.0531506538391113e-02, 5.5219312198460102e-03,
       -4.3928794562816620e-02 ], [ 4.0448330342769623e-02,
       -8.8002942502498627e-03, -1.5960896387696266e-02 ] ] }
