%YAML:1.0
---
aruco_bc_dict: TAG16h5
aruco_bc_nmarkers: 11
aruco_bc_mInfoType: 1
aruco_bc_markers:
   - { id:0, corners:[ [ -1.1079998686909676e-02,
       -2.3305699229240417e-02, -7.3475893586874008e-03 ], [
       1.0917710140347481e-02, -2.3618431761860847e-02,
       -7.4024479836225510e-03 ], [ 1.0727003216743469e-02,
       -3.3593352884054184e-02, -2.7010215446352959e-02 ], [
       -1.1270705610513687e-02, -3.3280618488788605e-02,
       -2.6955356821417809e-02 ] ] }
   - { id:1, corners:[ [ -1.0999999940395355e-02, 1.0999999940395355e-02,
       0. ], [ 1.0999999940395355e-02, 1.0999999940395355e-02, 0. ], [
       1.0999999940395355e-02, -1.0999999940395355e-02, 0. ], [
       -1.0999999940395355e-02, -1.0999999940395355e-02, 0. ] ] }
   - { id:2, corners:[ [ -3.5299580544233322e-02,
       -4.2454204522073269e-03, -2.9584586620330811e-02 ], [
       -2.8352048248052597e-02, 5.3693335503339767e-03,
       -1.1056543327867985e-02 ], [ -1.8834792077541351e-02,
       -1.3469262048602104e-02, -4.8493565991520882e-03 ], [
       -2.5782324373722076e-02, -2.3084016516804695e-02,
       -2.3377399891614914e-02 ] ] }
   - { id:3, corners:[ [ -1.1236779391765594e-02,
       -1.9062113016843796e-02, -5.9546425938606262e-02 ], [
       -2.8969295322895050e-02, -1.3094158843159676e-02,
       -4.7973118722438812e-02 ], [ -2.3195825517177582e-02,
       -2.7017045766115189e-02, -3.1947508454322815e-02 ], [
       -5.4633095860481262e-03, -3.2985001802444458e-02,
       -4.3520815670490265e-02 ] ] }
   - { id:4, corners:[ [ 2.8280943632125854e-02, -1.3227312825620174e-02,
       -4.7865279018878937e-02 ], [ 1.0578546673059464e-02,
       -1.9138695672154427e-02, -5.9513483196496964e-02 ], [
       4.7274343669414520e-03, -3.3090155571699142e-02,
       -4.3540969491004944e-02 ], [ 2.2429831326007843e-02,
       -2.7178773656487465e-02, -3.1892765313386917e-02 ] ] }
   - { id:5, corners:[ [ 2.8223341330885887e-02, 5.2904207259416580e-03,
       -1.1319437064230442e-02 ], [ 3.5041593015193939e-02,
       -4.0608476847410202e-03, -3.0029468238353729e-02 ], [
       2.5706401094794273e-02, -2.3031651973724365e-02,
       -2.3949768394231796e-02 ], [ 1.8888149410486221e-02,
       -1.3680383563041687e-02, -5.2397372201085091e-03 ] ] }
   - { id:6, corners:[ [ 1.0738966055214405e-02, 1.0866506025195122e-02,
       -6.3312388956546783e-02 ], [ -1.1260916478931904e-02,
       1.0797988623380661e-02, -6.3290178775787354e-02 ], [
       -1.1192397214472294e-02, -1.1201905086636543e-02,
       -6.3287518918514252e-02 ], [ 1.0807485319674015e-02,
       -1.1133387684822083e-02, -6.3309729099273682e-02 ] ] }
   - { id:7, corners:[ [ 2.5557674467563629e-02, 2.2656440734863281e-02,
       -3.9139058440923691e-02 ], [ 1.8640905618667603e-02,
       1.3444438576698303e-02, -5.7881984859704971e-02 ], [
       2.8028413653373718e-02, -5.5640181526541710e-03,
       -5.2003782242536545e-02 ], [ 3.4945182502269745e-02,
       3.6479854024946690e-03, -3.3260855823755264e-02 ] ] }
   - { id:8, corners:[ [ 4.5106206089258194e-03, 3.2512418925762177e-02,
       -1.9596803933382034e-02 ], [ 2.2407962009310722e-02,
       2.6950284838676453e-02, -3.1118430197238922e-02 ], [
       2.8383826836943626e-02, 1.3066438958048820e-02,
       -1.5133189968764782e-02 ], [ 1.0486485436558723e-02,
       1.8628574907779694e-02, -3.6115655675530434e-03 ] ] }
   - { id:9, corners:[ [ -2.2876016795635223e-02, 2.6709923520684242e-02,
       -3.1045315787196159e-02 ], [ -5.0543248653411865e-03,
       3.2523714005947113e-02, -1.9530666992068291e-02 ], [
       -1.0774135589599609e-02, 1.8483115360140800e-02,
       -3.5887304693460464e-03 ], [ -2.8595827519893646e-02,
       1.2669323012232780e-02, -1.5103379264473915e-02 ] ] }
   - { id:10, corners:[ [ -1.9116077572107315e-02,
       1.2917567044496536e-02, -5.8271326124668121e-02 ], [
       -2.5609362870454788e-02, 2.2540198639035225e-02,
       -3.9583303034305573e-02 ], [ -3.5066120326519012e-02,
       3.7347557954490185e-03, -3.3186033368110657e-02 ], [
       -2.8572835028171539e-02, -5.8878753334283829e-03,
       -5.1874056458473206e-02 ] ] }
