%YAML:1.0
---
aruco_bc_dict: TAG16h5
aruco_bc_nmarkers: 11
aruco_bc_mInfoType: 1
aruco_bc_markers:
   - { id:0, corners:[ [ -1.0944392532110214e-02,
       -2.3051235824823380e-02, -7.2784265503287315e-03 ], [
       1.0724939405918121e-02, -2.3221051320433617e-02,
       -7.2884010151028633e-03 ], [ 1.0638574138283730e-02,
       -3.3109255135059357e-02, -2.6570644229650497e-02 ], [
       -1.1030757799744606e-02, -3.2939437776803970e-02,
       -2.6560671627521515e-02 ] ] }
   - { id:1, corners:[ [ -1.0835000313818455e-02, 1.0835000313818455e-02,
       0. ], [ 1.0835000313818455e-02, 1.0835000313818455e-02, 0. ], [
       1.0835000313818455e-02, -1.0835000313818455e-02, 0. ], [
       -1.0835000313818455e-02, -1.0835000313818455e-02, 0. ] ] }
   - { id:2, corners:[ [ -3.4790605306625366e-02,
       -4.2059388943016529e-03, -2.9206981882452965e-02 ], [
       -2.7952173724770546e-02, 5.2622137591242790e-03,
       -1.0953795164823532e-02 ], [ -1.8575942143797874e-02,
       -1.3293502852320671e-02, -4.8414599150419235e-03 ], [
       -2.5414375588297844e-02, -2.2761654108762741e-02,
       -2.3094646632671356e-02 ] ] }
   - { id:3, corners:[ [ -1.1014519259333611e-02,
       -1.8805012106895447e-02, -5.8674305677413940e-02 ], [
       -2.8476716950535774e-02, -1.2923918664455414e-02,
       -4.7269336879253387e-02 ], [ -2.2793902084231377e-02,
       -2.6648011058568954e-02, -3.1491383910179138e-02 ], [
       -5.3317043930292130e-03, -3.2529104501008987e-02,
       -4.2896352708339691e-02 ] ] }
   - { id:4, corners:[ [ 2.7899747714400291e-02, -1.3059210963547230e-02,
       -4.7147452831268311e-02 ], [ 1.0452358052134514e-02,
       -1.8863312900066376e-02, -5.8614358305931091e-02 ], [
       4.6893190592527390e-03, -3.2611709088087082e-02,
       -4.2886741459369659e-02 ], [ 2.2136708721518517e-02,
       -2.6807606220245361e-02, -3.1419835984706879e-02 ] ] }
   - { id:5, corners:[ [ 2.7837222442030907e-02, 5.1795430481433868e-03,
       -1.1134588159620762e-02 ], [ 3.4558780491352081e-02,
       -4.0320251137018204e-03, -2.9561650007963181e-02 ], [
       2.5377055630087852e-02, -2.2723009809851646e-02,
       -2.3567326366901398e-02 ], [ 1.8655499443411827e-02,
       -1.3511441648006439e-02, -5.1402626559138298e-03 ] ] }
   - { id:6, corners:[ [ 1.0658239945769310e-02, 1.0640116408467293e-02,
       -6.2358599156141281e-02 ], [ -1.1011661961674690e-02,
       1.0637503117322922e-02, -6.2293171882629395e-02 ], [
       -1.1009210720658302e-02, -1.1032432317733765e-02,
       -6.2346655875444412e-02 ], [ 1.0660691186785698e-02,
       -1.1029819026589394e-02, -6.2412083148956299e-02 ] ] }
   - { id:7, corners:[ [ 2.5233726948499680e-02, 2.2274058312177658e-02,
       -3.8535624742507935e-02 ], [ 1.8411135300993919e-02,
       1.3219076208770275e-02, -5.7003125548362732e-02 ], [
       2.7651470154523849e-02, -5.5132368579506874e-03,
       -5.1232025027275085e-02 ], [ 3.4474059939384460e-02,
       3.5417461767792702e-03, -3.2764524221420288e-02 ] ] }
   - { id:8, corners:[ [ 4.4333813712000847e-03, 3.1976282596588135e-02,
       -1.9314002245664597e-02 ], [ 2.2061184048652649e-02,
       2.6495952159166336e-02, -3.0663691461086273e-02 ], [
       2.7948077768087387e-02, 1.2821441516280174e-02,
       -1.4917545020580292e-02 ], [ 1.0320275090634823e-02,
       1.8301773816347122e-02, -3.5678558051586151e-03 ] ] }
   - { id:9, corners:[ [ -2.2526185959577560e-02, 2.6238780468702316e-02,
       -3.0622771009802818e-02 ], [ -4.9759959802031517e-03,
       3.1974524259567261e-02, -1.9279006868600845e-02 ], [
       -1.0608713142573833e-02, 1.8147476017475128e-02,
       -3.5731401294469833e-03 ], [ -2.8158903121948242e-02,
       1.2411734089255333e-02, -1.4916904270648956e-02 ] ] }
   - { id:10, corners:[ [ -1.8780227750539780e-02,
       1.2667428702116013e-02, -5.7416260242462158e-02 ], [
       -2.5228708982467651e-02, 2.2162139415740967e-02,
       -3.9035387337207794e-02 ], [ -3.4515615552663803e-02,
       3.6294069141149521e-03, -3.2720319926738739e-02 ], [
       -2.8067134320735931e-02, -5.8653037995100021e-03,
       -5.1101192831993103e-02 ] ] }
