%YAML:1.0
---
aruco_bc_dict: TAG16h5
aruco_bc_nmarkers: 11
aruco_bc_mInfoType: 1
aruco_bc_markers:
   - { id:0, corners:[ [ -2.1657464094460011e-03,
       -3.4592170268297195e-02, -3.2161287963390350e-02 ], [
       1.5571853145956993e-02, -2.8666330501437187e-02,
       -4.3748434633016586e-02 ], [ 2.5573647581040859e-03,
       -2.0550498738884926e-02, -5.9520445764064789e-02 ], [
       -1.5180233865976334e-02, -2.6476336643099785e-02,
       -4.7933299094438553e-02 ] ] }
   - { id:1, corners:[ [ 1.0674513876438141e-02, -1.8284812569618225e-02,
       -3.6611407995223999e-03 ], [ 2.8554255142807961e-02,
       -1.2447657063603401e-02, -1.5073521062731743e-02 ], [
       2.2783759981393814e-02, -2.6272241026163101e-02,
       -3.1185079365968704e-02 ], [ 4.9040187150239944e-03,
       -3.2109394669532776e-02, -1.9772699102759361e-02 ] ] }
   - { id:2, corners:[ [ -2.8361164033412933e-02,
       -1.2589311227202415e-02, -1.5451997518539429e-02 ], [
       -1.0664017871022224e-02, -1.8420796841382980e-02,
       -3.7556402385234833e-03 ], [ -4.6241767704486847e-03,
       -3.2231718301773071e-02, -1.9779957830905914e-02 ], [
       -2.2321322932839394e-02, -2.6400234550237656e-02,
       -3.1476315110921860e-02 ] ] }
   - { id:3, corners:[ [ -2.8435673564672470e-02, 6.3122212886810303e-03,
       -5.1729500293731689e-02 ], [ -3.5318262875080109e-02,
       -3.2377615571022034e-03, -3.3143818378448486e-02 ], [
       -2.5804497301578522e-02, -2.2092007100582123e-02,
       -3.9308689534664154e-02 ], [ -1.8921906128525734e-02,
       -1.2542024254798889e-02, -5.7894371449947357e-02 ] ] }
   - { id:4, corners:[ [ 1.1142774485051632e-02, 1.1956800706684589e-02,
       -6.2879152595996857e-02 ], [ -1.0855772532522678e-02,
       1.1969880200922489e-02, -6.3131660223007202e-02 ], [
       -1.0868302546441555e-02, -1.0030063800513744e-02,
       -6.3179634511470795e-02 ], [ 1.1130244471132755e-02,
       -1.0043143294751644e-02, -6.2927126884460449e-02 ] ] }
   - { id:5, corners:[ [ 3.5025093704462051e-02, -2.8070854023098946e-03,
       -3.3319279551506042e-02 ], [ 2.8331052511930466e-02,
       6.6108065657317638e-03, -5.2040740847587585e-02 ], [
       1.9023913890123367e-02, -1.2334041297435760e-02,
       -5.8243155479431152e-02 ], [ 2.5717955082654953e-02,
       -2.1751932799816132e-02, -3.9521694183349609e-02 ] ] }
   - { id:6, corners:[ [ -4.8768455162644386e-03, 3.3601708710193634e-02,
       -4.2881812900304794e-02 ], [ -2.2730134427547455e-02,
       2.7656666934490204e-02, -3.1483717262744904e-02 ], [
       -2.8412561863660812e-02, 1.3809196650981903e-02,
       -4.7606918960809708e-02 ], [ -1.0559272952377796e-02,
       1.9754238426685333e-02, -5.9005014598369598e-02 ] ] }
   - { id:7, corners:[ [ 2.2650746628642082e-02, 2.7696665376424789e-02,
       -3.1581401824951172e-02 ], [ 4.8484839498996735e-03,
       3.3498510718345642e-02, -4.3132074177265167e-02 ], [
       1.0687088593840599e-02, 1.9568368792533875e-02,
       -5.9127755463123322e-02 ], [ 2.8489351272583008e-02,
       1.3766525313258171e-02, -4.7577083110809326e-02 ] ] }
   - { id:8, corners:[ [ 1.8415942788124084e-02, 1.3891953974962234e-02,
       -4.8666857182979584e-03 ], [ 2.5470551103353500e-02,
       2.3502867668867111e-02, -2.3356219753623009e-02 ], [
       3.5022925585508347e-02, 4.6627908013761044e-03,
       -2.9504679143428802e-02 ], [ 2.7968317270278931e-02,
       -4.9481233581900597e-03, -1.1015145108103752e-02 ] ] }
   - { id:9, corners:[ [ -1.0999999940395355e-02, 1.0999999940395355e-02,
       0. ], [ 1.0999999940395355e-02, 1.0999999940395355e-02, 0. ], [
       1.0999999940395355e-02, -1.0999999940395355e-02, 0. ], [
       -1.0999999940395355e-02, -1.0999999940395355e-02, 0. ] ] }
   - { id:10, corners:[ [ -2.5664798915386200e-02,
       2.3163873702287674e-02, -2.3537009954452515e-02 ], [
       -1.8921984359622002e-02, 1.3635753653943539e-02,
       -4.8889704048633575e-03 ], [ -2.8197083622217178e-02,
       -5.2875792607665062e-03, -1.1204034090042114e-02 ], [
       -3.4939900040626526e-02, 4.2405417189002037e-03,
       -2.9852073639631271e-02 ] ] }
