%YAML:1.0
---
aruco_bc_dict: TAG16h5
aruco_bc_nmarkers: 11
aruco_bc_mInfoType: 1
aruco_bc_markers:
   - { id:0, corners:[ [ -2.1713504102081060e-03,
       -3.4587368369102478e-02, -3.2166648656129837e-02 ], [
       1.5564579516649246e-02, -2.8665220364928246e-02,
       -4.3758235871791840e-02 ], [ 2.5478361640125513e-03,
       -2.0544912666082382e-02, -5.9526082128286362e-02 ], [
       -1.5188094228506088e-02, -2.6467060670256615e-02,
       -4.7934494912624359e-02 ] ] }
   - { id:1, corners:[ [ 1.0674176737666130e-02, -1.8284436315298080e-02,
       -3.6655906587839127e-03 ], [ 2.8551982715725899e-02,
       -1.2446399778127670e-02, -1.5080554410815239e-02 ], [
       2.2778110578656197e-02, -2.6268836110830307e-02,
       -3.1192744150757790e-02 ], [ 4.9003046005964279e-03,
       -3.2106872648000717e-02, -1.9777780398726463e-02 ] ] }
   - { id:2, corners:[ [ -2.8362430632114410e-02,
       -1.2585394084453583e-02, -1.5447147190570831e-02 ], [
       -1.0662197135388851e-02, -1.8419615924358368e-02,
       -3.7568248808383942e-03 ], [ -4.6278061345219612e-03,
       -3.2228484749794006e-02, -1.9784964621067047e-02 ], [
       -2.2328037768602371e-02, -2.6394262909889221e-02,
       -3.1475286930799484e-02 ] ] }
   - { id:3, corners:[ [ -2.8440579771995544e-02, 6.3205556944012642e-03,
       -5.1721278578042984e-02 ], [ -3.5322148352861404e-02,
       -3.2300702296197414e-03, -3.3135540783405304e-02 ], [
       -2.5812316685914993e-02, -2.2085282951593399e-02,
       -3.9303530007600784e-02 ], [ -1.8930748105049133e-02,
       -1.2534655630588531e-02, -5.7889267802238464e-02 ] ] }
   - { id:4, corners:[ [ 1.1134644038975239e-02, 1.1963534168899059e-02,
       -6.2880076467990875e-02 ], [ -1.0863936506211758e-02,
       1.1977748014032841e-02, -6.3129611313343048e-02 ], [
       -1.0877589695155621e-02, -1.0022192262113094e-02,
       -6.3179232180118561e-02 ], [ 1.1120990850031376e-02,
       -1.0036406107246876e-02, -6.2929697334766388e-02 ] ] }
   - { id:5, corners:[ [ 3.5019606351852417e-02, -2.8038593009114265e-03,
       -3.3325508236885071e-02 ], [ 2.8324417769908905e-02,
       6.6160270944237709e-03, -5.2045553922653198e-02 ], [
       1.9015867263078690e-02, -1.2327830307185650e-02,
       -5.8248877525329590e-02 ], [ 2.5711055845022202e-02,
       -2.1747715771198273e-02, -3.9528831839561462e-02 ] ] }
   - { id:6, corners:[ [ -4.8804609104990959e-03, 3.3607501536607742e-02,
       -4.2876560240983963e-02 ], [ -2.2732734680175781e-02,
       2.7662770822644234e-02, -3.1476713716983795e-02 ], [
       -2.8417672961950302e-02, 1.3816360384225845e-02,
       -4.7599937766790390e-02 ], [ -1.0565401054918766e-02,
       1.9761091098189354e-02, -5.8999784290790558e-02 ] ] }
   - { id:7, corners:[ [ 2.2647373378276825e-02, 2.7701536193490028e-02,
       -3.1583219766616821e-02 ], [ 4.8443377017974854e-03,
       3.3504925668239594e-02, -4.3131925165653229e-02 ], [
       1.0680414736270905e-02, 1.9574901089072227e-02,
       -5.9128627181053162e-02 ], [ 2.8483450412750244e-02,
       1.3771511614322662e-02, -4.7579921782016754e-02 ] ] }
   - { id:8, corners:[ [ 1.8413342535495758e-02, 1.3894063420593739e-02,
       -4.8691919073462486e-03 ], [ 2.5466412305831909e-02,
       2.3506287485361099e-02, -2.3358628153800964e-02 ], [
       3.5018242895603180e-02, 4.6666348353028297e-03,
       -2.9509235173463821e-02 ], [ 2.7965173125267029e-02,
       -4.9455901607871056e-03, -1.1019798927009106e-02 ] ] }
   - { id:9, corners:[ [ -1.0999999940395355e-02, 1.0999999940395355e-02,
       0. ], [ 1.0999999940395355e-02, 1.0999999940395355e-02, 0. ], [
       1.0999999940395355e-02, -1.0999999940395355e-02, 0. ], [
       -1.0999999940395355e-02, -1.0999999940395355e-02, 0. ] ] }
   - { id:10, corners:[ [ -2.5665834546089172e-02,
       2.3168522864580154e-02, -2.3530172184109688e-02 ], [
       -1.8921215087175369e-02, 1.3638343662023544e-02,
       -4.8838388174772263e-03 ], [ -2.8198119252920151e-02,
       -5.2839135751128197e-03, -1.1199468746781349e-02 ], [
       -3.4942738711833954e-02, 4.2462660931050777e-03,
       -2.9845802113413811e-02 ] ] }
