%YAML:1.0
---
aruco_bc_dict: TAG16h5
aruco_bc_nmarkers: 11
aruco_bc_mInfoType: 1
aruco_bc_markers:
   - { id:0, corners:[ [ 1.4887005090713501e-02, -2.9409632086753845e-02,
       -1.9471395760774612e-02 ], [ -2.6683206669986248e-03,
       -3.5065770149230957e-02, -3.0847139656543732e-02 ], [
       -1.5372313559055328e-02, -2.7113176882266998e-02,
       -1.5196140855550766e-02 ], [ 2.1830131299793720e-03,
       -2.1457036957144737e-02, -3.8203969597816467e-03 ] ] }
   - { id:1, corners:[ [ 2.8025848791003227e-02, -1.3133040629327297e-02,
       -4.7280773520469666e-02 ], [ 1.0633751749992371e-02,
       -1.8913496285676956e-02, -5.8843225240707397e-02 ], [
       4.7880131751298904e-03, -3.2684180885553360e-02,
       -4.3165706098079681e-02 ], [ 2.2180110216140747e-02,
       -2.6903726160526276e-02, -3.1603254377841949e-02 ] ] }
   - { id:2, corners:[ [ 2.7454694733023643e-02, 4.9897627905011177e-03,
       -1.0936481878161430e-02 ], [ 3.4432072192430496e-02,
       -4.1292691603302956e-03, -2.9314413666725159e-02 ], [
       2.5199478492140770e-02, -2.2859934717416763e-02,
       -2.3525608703494072e-02 ], [ 1.8222101032733917e-02,
       -1.3740903697907925e-02, -5.1476769149303436e-03 ] ] }
   - { id:3, corners:[ [ -1.0835000313818455e-02, 1.0835000313818455e-02,
       0. ], [ 1.0835000313818455e-02, 1.0835000313818455e-02, 0. ], [
       1.0835000313818455e-02, -1.0835000313818455e-02, 0. ], [
       -1.0835000313818455e-02, -1.0835000313818455e-02, 0. ] ] }
   - { id:4, corners:[ [ -3.4443426877260208e-02,
       -4.0156659670174122e-03, -2.9884351417422295e-02 ], [
       -2.8021723031997681e-02, 5.2007166668772697e-03,
       -1.1353055015206337e-02 ], [ -1.8898203969001770e-02,
       -1.3475751504302025e-02, -5.2260737866163254e-03 ], [
       -2.5319907814264297e-02, -2.2692132741212845e-02,
       -2.3757370188832283e-02 ] ] }
   - { id:5, corners:[ [ -1.0590223595499992e-02,
       -1.8496014177799225e-02, -5.8754526078701019e-02 ], [
       -2.8263814747333527e-02, -1.2825372628867626e-02,
       -4.7570750117301941e-02 ], [ -2.2758720442652702e-02,
       -2.6681650429964066e-02, -3.1845405697822571e-02 ], [
       -5.0851292908191681e-03, -3.2352291047573090e-02,
       -4.3029181659221649e-02 ] ] }
   - { id:6, corners:[ [ -2.2206906229257584e-02, 2.6585191488265991e-02,
       -3.1088214367628098e-02 ], [ -4.7476105391979218e-03,
       3.2281439751386642e-02, -1.9585400819778442e-02 ], [
       -1.0646235197782516e-02, 1.8594488501548767e-02,
       -3.8544572889804840e-03 ], [ -2.8105530887842178e-02,
       1.2898241169750690e-02, -1.5357270836830139e-02 ] ] }
   - { id:7, corners:[ [ -1.8339889124035835e-02, 1.2994913384318352e-02,
       -5.7675771415233612e-02 ], [ -2.5069953873753548e-02,
       2.2378453984856606e-02, -3.9338804781436920e-02 ], [
       -3.4487992525100708e-02, 3.8202647119760513e-03,
       -3.3298678696155548e-02 ], [ -2.7757925912737846e-02,
       -5.5632758885622025e-03, -5.1635645329952240e-02 ] ] }
   - { id:8, corners:[ [ 1.1376583948731422e-02, 1.0458993725478649e-02,
       -6.2165208160877228e-02 ], [ -1.0289939120411873e-02,
       1.0761230252683163e-02, -6.2408961355686188e-02 ], [
       -1.0590478777885437e-02, -1.0906153358519077e-02,
       -6.2560871243476868e-02 ], [ 1.1076044291257858e-02,
       -1.1208389885723591e-02, -6.2317118048667908e-02 ] ] }
   - { id:9, corners:[ [ 2.5462577119469643e-02, 2.1949622780084610e-02,
       -3.8867153227329254e-02 ], [ 1.8821548670530319e-02,
       1.2753959745168686e-02, -5.7331319898366928e-02 ], [
       2.7935689315199852e-02, -5.9554800391197205e-03,
       -5.1291599869728088e-02 ], [ 3.4576717764139175e-02,
       3.2401829957962036e-03, -3.2827433198690414e-02 ] ] }
   - { id:10, corners:[ [ 4.6276114881038666e-03, 3.1844548881053925e-02,
       -1.9360734149813652e-02 ], [ 2.2209217771887779e-02,
       2.6264023035764694e-02, -3.0733237043023109e-02 ], [
       2.7988448739051819e-02, 1.2485820800065994e-02,
       -1.5037676319479942e-02 ], [ 1.0406842455267906e-02,
       1.8066346645355225e-02, -3.6651734262704849e-03 ] ] }
