%YAML:1.0
---
aruco_bc_dict: TAG16h5
aruco_bc_nmarkers: 11
aruco_bc_mInfoType: 1
aruco_bc_markers:
   - { id:0, corners:[ [ -1.1028703302145004e-02,
       -2.3108035326004028e-02, -7.6792528852820396e-03 ], [
       1.0970877483487129e-02, -2.3241950199007988e-02,
       -7.6577933505177498e-03 ], [ 1.0929595679044724e-02,
       -3.3169750124216080e-02, -2.7290344238281250e-02 ], [
       -1.1069985106587410e-02, -3.3035833388566971e-02,
       -2.7311805635690689e-02 ] ] }
   - { id:1, corners:[ [ -1.0999999940395355e-02, 1.0999999940395355e-02,
       0. ], [ 1.0999999940395355e-02, 1.0999999940395355e-02, 0. ], [
       1.0999999940395355e-02, -1.0999999940395355e-02, 0. ], [
       -1.0999999940395355e-02, -1.0999999940395355e-02, 0. ] ] }
   - { id:2, corners:[ [ -3.5032883286476135e-02,
       -3.7827962078154087e-03, -2.9927901923656464e-02 ], [
       -2.8339087963104248e-02, 5.5538378655910492e-03,
       -1.1165696196258068e-02 ], [ -1.9097831100225449e-02,
       -1.3438878580927849e-02, -5.0113582983613014e-03 ], [
       -2.5791626423597336e-02, -2.2775512188673019e-02,
       -2.3773562163114548e-02 ] ] }
   - { id:3, corners:[ [ 2.8686912730336189e-02, -1.3468079268932343e-02,
       -4.7956440597772598e-02 ], [ 1.0934876278042793e-02,
       -1.9264271482825279e-02, -5.9586975723505020e-02 ], [
       5.0027575343847275e-03, -3.3168599009513855e-02,
       -4.3603245168924332e-02 ], [ 2.2754793986678123e-02,
       -2.7372406795620918e-02, -3.1972710043191910e-02 ] ] }
   - { id:4, corners:[ [ -1.0478576645255089e-02,
       -1.8849004060029984e-02, -5.9942170977592468e-02 ], [
       -2.8431313112378120e-02, -1.2990502640604973e-02,
       -4.8656016588211060e-02 ], [ -2.2878466174006462e-02,
       -2.6944678276777267e-02, -3.2579734921455383e-02 ], [
       -4.9257297068834305e-03, -3.2803177833557129e-02,
       -4.3865889310836792e-02 ] ] }
   - { id:5, corners:[ [ 2.8708701953291893e-02, 5.4262019693851471e-03,
       -1.1233171448111534e-02 ], [ 3.5513527691364288e-02,
       -4.2130760848522186e-03, -2.9801389202475548e-02 ], [
       2.5816818699240685e-02, -2.2968053817749023e-02,
       -2.3618778213858604e-02 ], [ 1.9011994823813438e-02,
       -1.3328775763511658e-02, -5.0505604594945908e-03 ] ] }
   - { id:6, corners:[ [ 1.1448374018073082e-02, 1.0854942724108696e-02,
       -6.3495375216007233e-02 ], [ -1.0550513863563538e-02,
       1.0851366445422173e-02, -6.3716597855091095e-02 ], [
       -1.0547291487455368e-02, -1.1148605495691299e-02,
       -6.3681460916996002e-02 ], [ 1.1451596394181252e-02,
       -1.1145029217004776e-02, -6.3460238277912140e-02 ] ] }
   - { id:7, corners:[ [ 2.6140509173274040e-02, 2.2671557962894440e-02,
       -3.9797686040401459e-02 ], [ 1.9507719203829765e-02,
       1.3171263039112091e-02, -5.8499306440353394e-02 ], [
       2.8795661404728889e-02, -5.7456083595752716e-03,
       -5.2183762192726135e-02 ], [ 3.5428449511528015e-02,
       3.7546865642070770e-03, -3.3482141792774200e-02 ] ] }
   - { id:8, corners:[ [ 5.2467230707406998e-03, 3.2843060791492462e-02,
       -1.9894875586032867e-02 ], [ 2.3114191368222237e-02,
       2.7012197300791740e-02, -3.1329672783613205e-02 ], [
       2.8796469792723656e-02, 1.3031549751758575e-02,
       -1.5321762301027775e-02 ], [ 1.0929001495242119e-02,
       1.8862413242459297e-02, -3.8869651034474373e-03 ] ] }
   - { id:9, corners:[ [ -2.2542081773281097e-02, 2.7204131707549095e-02,
       -3.1489767134189606e-02 ], [ -4.8014651983976364e-03,
       3.2890941947698593e-02, -1.9788026809692383e-02 ], [
       -1.0840713977813721e-02, 1.8964221701025963e-02,
       -3.8640229031443596e-03 ], [ -2.8581330552697182e-02,
       1.3277411460876465e-02, -1.5565763227641582e-02 ] ] }
   - { id:10, corners:[ [ -1.8738295882940292e-02,
       1.3574134558439255e-02, -5.8447722345590591e-02 ], [
       -2.5645673274993896e-02, 2.3048339411616325e-02,
       -3.9832469075918198e-02 ], [ -3.5146024078130722e-02,
       4.1620400734245777e-03, -3.3745516091585159e-02 ], [
       -2.8238646686077118e-02, -5.3121652454137802e-03,
       -5.2360769361257553e-02 ] ] }
