%YAML:1.0
---
aruco_bc_dict: TAG36h11
aruco_bc_nmarkers: 11
aruco_bc_mInfoType: 1
aruco_bc_markers:
   - { id:0, corners:[ [ 1.2136626057326794e-02, -2.2858727723360062e-02,
       -5.6000232696533203e-02 ], [ -1.1862534098327160e-02,
       -2.2740483283996582e-02, -5.6162443011999130e-02 ], [
       -1.2060607783496380e-02, -3.3544164150953293e-02,
       -3.4732528030872345e-02 ], [ 1.1938552372157574e-02,
       -3.3662408590316772e-02, -3.4570317715406418e-02 ] ] }
   - { id:1, corners:[ [ 1.2397564016282558e-02, 1.2443468905985355e-02,
       -6.2920317053794861e-02 ], [ -1.1601087637245655e-02,
       1.2501514516770840e-02, -6.3168115913867950e-02 ], [
       -1.1660094372928143e-02, -1.1498234234750271e-02,
       -6.3075199723243713e-02 ], [ 1.2338557280600071e-02,
       -1.1556279845535755e-02, -6.2827400863170624e-02 ] ] }
   - { id:2, corners:[ [ 3.5672016441822052e-02, -3.5588964819908142e-03,
       -3.1839430332183838e-02 ], [ 2.8627945110201836e-02,
       6.8114325404167175e-03, -5.2304945886135101e-02 ], [
       1.8261430785059929e-02, -1.3725614175200462e-02,
       -5.9143446385860443e-02 ], [ 2.5305500254034996e-02,
       -2.4095943197607994e-02, -3.8677930831909180e-02 ] ] }
   - { id:3, corners:[ [ 9.9979117512702942e-03, -1.8240667879581451e-02,
       -2.0420895889401436e-03 ], [ 2.9578754678368568e-02,
       -1.2032010592520237e-02, -1.4453503303229809e-02 ], [
       2.3238271474838257e-02, -2.7122642844915390e-02,
       -3.2005459070205688e-02 ], [ 3.6574285477399826e-03,
       -3.3331301063299179e-02, -1.9594043493270874e-02 ] ] }
   - { id:4, corners:[ [ -2.9374090954661369e-02,
       -1.1919239535927773e-02, -1.4598255977034569e-02 ], [
       -1.0075399652123451e-02, -1.8526539206504822e-02,
       -1.9529368728399277e-03 ], [ -3.6444421857595444e-03,
       -3.3486045897006989e-02, -1.9584046676754951e-02 ], [
       -2.2943133488297462e-02, -2.6878744363784790e-02,
       -3.2229363918304443e-02 ] ] }
   - { id:5, corners:[ [ -2.8014209121465683e-02, 6.9323321804404259e-03,
       -5.2237909287214279e-02 ], [ -3.5646758973598480e-02,
       -3.4634331241250038e-03, -3.1997546553611755e-02 ], [
       -2.5298051536083221e-02, -2.4062354117631912e-02,
       -3.8675021380186081e-02 ], [ -1.7665501683950424e-02,
       -1.3666589744389057e-02, -5.8915384113788605e-02 ] ] }
   - { id:6, corners:[ [ -1.2000000104308128e-02, 1.2000000104308128e-02,
       0. ], [ 1.2000000104308128e-02, 1.2000000104308128e-02, 0. ], [
       1.2000000104308128e-02, -1.2000000104308128e-02, 0. ], [
       -1.2000000104308128e-02, -1.2000000104308128e-02, 0. ] ] }
   - { id:7, corners:[ [ -2.4894014000892639e-02, 2.4151856079697609e-02,
       -2.4001155048608780e-02 ], [ -1.7701061442494392e-02,
       1.3788538053631783e-02, -3.5839304327964783e-03 ], [
       -2.8021518141031265e-02, -6.7826155573129654e-03,
       -1.0389499366283417e-02 ], [ -3.5214468836784363e-02,
       3.5807020030915737e-03, -3.0806723982095718e-02 ] ] }
   - { id:8, corners:[ [ -3.2611060887575150e-03, 3.3641368150711060e-02,
       -4.2842250317335129e-02 ], [ -2.2756105288863182e-02,
       2.7455076575279236e-02, -3.0285388231277466e-02 ], [
       -2.9140567407011986e-02, 1.2225272133946419e-02,
       -4.7700662165880203e-02 ], [ -9.6455682069063187e-03,
       1.8411565572023392e-02, -6.0257524251937866e-02 ] ] }
   - { id:9, corners:[ [ 2.3060463368892670e-02, 2.7180803939700127e-02,
       -3.0240667983889580e-02 ], [ 3.9088623598217964e-03,
       3.3711761236190796e-02, -4.3146587908267975e-02 ], [
       1.0373060591518879e-02, 1.8419576808810234e-02,
       -6.0477577149868011e-02 ], [ 2.9524661600589752e-02,
       1.1888617649674416e-02, -4.7571659088134766e-02 ] ] }
   - { id:10, corners:[ [ 1.7619160935282707e-02, 1.3928635045886040e-02,
       -3.8149161264300346e-03 ], [ 2.5291904807090759e-02,
       2.4196684360504150e-02, -2.4105213582515717e-02 ], [
       3.5558201372623444e-02, 3.5249362699687481e-03,
       -3.0684117227792740e-02 ], [ 2.7885455638170242e-02,
       -6.7431135103106499e-03, -1.0393819771707058e-02 ] ] }
