%YAML:1.0
---
aruco_bc_dict: TAG36h11
aruco_bc_nmarkers: 11
aruco_bc_mInfoType: 1
aruco_bc_markers:
   - { id:0, corners:[ [ 7.5901141390204430e-03, -2.1238947287201881e-02,
       -4.0554162114858627e-03 ], [ 1.5125562436878681e-02,
       -3.1199177727103233e-02, -2.4549581110477448e-02 ], [
       -7.6606972143054008e-03, -3.4548327326774597e-02,
       -3.1300105154514313e-02 ], [ -1.5196145512163639e-02,
       -2.4588095024228096e-02, -1.0805942118167877e-02 ] ] }
   - { id:1, corners:[ [ 2.8007639572024345e-02, 6.7403642460703850e-03,
       -1.0358136147260666e-02 ], [ 3.5555642098188400e-02,
       -3.4122779034078121e-03, -3.0753025785088539e-02 ], [
       2.5422887876629829e-02, -2.4151384830474854e-02,
       -2.4179089814424515e-02 ], [ 1.7874885350465775e-02,
       -1.3998743146657944e-02, -3.7842001765966415e-03 ] ] }
   - { id:2, corners:[ [ -1.2000000104308128e-02, 1.2000000104308128e-02,
       0. ], [ 1.2000000104308128e-02, 1.2000000104308128e-02, 0. ], [
       1.2000000104308128e-02, -1.2000000104308128e-02, 0. ], [
       -1.2000000104308128e-02, -1.2000000104308128e-02, 0. ] ] }
   - { id:3, corners:[ [ -3.4952696412801743e-02,
       -3.5022404044866562e-03, -3.1112803146243095e-02 ], [
       -2.7642196044325829e-02, 6.7536514252424240e-03,
       -1.0683087632060051e-02 ], [ -1.7557084560394287e-02,
       -1.3942092657089233e-02, -3.9024706929922104e-03 ], [
       -2.4867584928870201e-02, -2.4197984486818314e-02,
       -2.4332186207175255e-02 ] ] }
   - { id:4, corners:[ [ -9.2308325693011284e-03,
       -1.8270039930939674e-02, -6.0508590191602707e-02 ], [
       -2.8681524097919464e-02, -1.1898089200258255e-02,
       -4.7975879162549973e-02 ], [ -2.2476002573966980e-02,
       -2.7204276993870735e-02, -3.0562888830900192e-02 ], [
       -3.0253110453486443e-03, -3.3576227724552155e-02,
       -4.3095599859952927e-02 ] ] }
   - { id:5, corners:[ [ 2.9669813811779022e-02, -1.1759452521800995e-02,
       -4.7822389751672745e-02 ], [ 1.0270330123603344e-02,
       -1.8278155475854874e-02, -6.0358993709087372e-02 ], [
       4.0552867576479912e-03, -3.3464793115854263e-02,
       -4.2845021933317184e-02 ], [ 2.3454770445823669e-02,
       -2.6946090161800385e-02, -3.0308416113257408e-02 ] ] }
   - { id:6, corners:[ [ -1.7411958426237106e-02, 1.3819189742207527e-02,
       -5.8918051421642303e-02 ], [ -2.4881979450583458e-02,
       2.3927828297019005e-02, -3.8472652435302734e-02 ], [
       -3.5166054964065552e-02, 3.2321116887032986e-03,
       -3.1997688114643097e-02 ], [ -2.7696033939719200e-02,
       -6.8765264004468918e-03, -5.2443087100982666e-02 ] ] }
   - { id:7, corners:[ [ 1.2422980740666389e-02, 1.1797006241977215e-02,
       -6.2707304954528809e-02 ], [ -1.1576848104596138e-02,
       1.1790699325501919e-02, -6.2797762453556061e-02 ], [
       -1.1570209637284279e-02, -1.2209140695631504e-02,
       -6.2885388731956482e-02 ], [ 1.2429619207978249e-02,
       -1.2202833779156208e-02, -6.2794931232929230e-02 ] ] }
   - { id:8, corners:[ [ 2.5530284270644188e-02, 2.3969251662492752e-02,
       -3.8492821156978607e-02 ], [ 1.8141496926546097e-02,
       1.3720876537263393e-02, -5.8898128569126129e-02 ], [
       2.8445327654480934e-02, -6.9148549810051918e-03,
       -5.2265055477619171e-02 ], [ 3.5834114998579025e-02,
       3.3335210755467415e-03, -3.1859748065471649e-02 ] ] }
   - { id:9, corners:[ [ 4.1987979784607887e-03, 3.3513996750116348e-02,
       -1.9501034170389175e-02 ], [ 2.3577816784381866e-02,
       2.7069160714745522e-02, -3.2107293605804443e-02 ], [
       2.9824346303939819e-02, 1.1784073896706104e-02,
       -1.4690436422824860e-02 ], [ 1.0445327498018742e-02,
       1.8228909000754356e-02, -2.0841751247644424e-03 ] ] }
   - { id:10, corners:[ [ -2.2460129112005234e-02,
       2.7255685999989510e-02, -3.2352816313505173e-02 ], [
       -3.1390767544507980e-03, 3.3557206392288208e-02,
       -1.9586149603128433e-02 ], [ -9.6451640129089355e-03,
       1.8322588875889778e-02, -2.2201687097549438e-03 ], [
       -2.8966216370463371e-02, 1.2021070346236229e-02,
       -1.4986835420131683e-02 ] ] }
