%YAML:1.0
---
aruco_bc_dict: TAG16h5
aruco_bc_nmarkers: 11
aruco_bc_mInfoType: 1
aruco_bc_markers:
   - { id:0, corners:[ [ -2.2412918042391539e-03,
       -3.4531578421592712e-02, -3.2217934727668762e-02 ], [
       1.5500946901738644e-02, -2.8568614274263382e-02,
       -4.3778903782367706e-02 ], [ 2.4928350467234850e-03,
       -2.0370002835988998e-02, -5.9513315558433533e-02 ], [
       -1.5249404124915600e-02, -2.6332966983318329e-02,
       -4.7952346503734589e-02 ] ] }
   - { id:1, corners:[ [ 1.0606108233332634e-02, -1.8270011991262436e-02,
       -3.6514159291982651e-03 ], [ 2.8502833098173141e-02,
       -1.2454857118427753e-02, -1.5048399567604065e-02 ], [
       2.2717894986271858e-02, -2.6256375014781952e-02,
       -3.1174546107649803e-02 ], [ 4.8211701214313507e-03,
       -3.2071530818939209e-02, -1.9777562469244003e-02 ] ] }
   - { id:2, corners:[ [ -2.8389155864715576e-02,
       -1.2518839910626411e-02, -1.5486508607864380e-02 ], [
       -1.0720230638980865e-02, -1.8415257334709167e-02,
       -3.7800446152687073e-03 ], [ -4.6632252633571625e-03,
       -3.2167032361030579e-02, -1.9848689436912537e-02 ], [
       -2.2332150489091873e-02, -2.6270616799592972e-02,
       -3.1555153429508209e-02 ] ] }
   - { id:3, corners:[ [ -2.8385741636157036e-02, 6.5413275733590126e-03,
       -5.1649056375026703e-02 ], [ -3.5231404006481171e-02,
       -3.0927686020731926e-03, -3.3093169331550598e-02 ], [
       -2.5779144838452339e-02, -2.1934777498245239e-02,
       -3.9388678967952728e-02 ], [ -1.8933480605483055e-02,
       -1.2300682254135609e-02, -5.7944566011428833e-02 ] ] }
   - { id:4, corners:[ [ 1.1140955612063408e-02, 1.2135708704590797e-02,
       -6.2769688665866852e-02 ], [ -1.0856911540031433e-02,
       1.2200510129332542e-02, -6.3069105148315430e-02 ], [
       -1.0919952765107155e-02, -9.7990166395902634e-03,
       -6.3198901712894440e-02 ], [ 1.1077914386987686e-02,
       -9.8638180643320084e-03, -6.2899485230445862e-02 ] ] }
   - { id:5, corners:[ [ 3.5087678581476212e-02, -2.8851618990302086e-03,
       -3.3292140811681747e-02 ], [ 2.8374072164297104e-02,
       6.6267070360481739e-03, -5.1959007978439331e-02 ], [
       1.8964663147926331e-02, -1.2255936861038208e-02,
       -5.8196697384119034e-02 ], [ 2.5678269565105438e-02,
       -2.1767806261777878e-02, -3.9529830217361450e-02 ] ] }
   - { id:6, corners:[ [ -4.8884805291891098e-03, 3.3702220767736435e-02,
       -4.2664080858230591e-02 ], [ -2.2744910791516304e-02,
       2.7690760791301727e-02, -3.1305812299251556e-02 ], [
       -2.8431614860892296e-02, 1.3949849642813206e-02,
       -4.7518424689769745e-02 ], [ -1.0575184598565102e-02,
       1.9961308687925339e-02, -5.8876693248748779e-02 ] ] }
   - { id:7, corners:[ [ 2.2614773362874985e-02, 2.7741752564907074e-02,
       -3.1432833522558212e-02 ], [ 4.8317685723304749e-03,
       3.3590707927942276e-02, -4.2989410459995270e-02 ], [
       1.0693147778511047e-02, 1.9720427691936493e-02,
       -5.9028726071119308e-02 ], [ 2.8476152569055557e-02,
       1.3871473260223866e-02, -4.7472149133682251e-02 ] ] }
   - { id:8, corners:[ [ 1.8439691513776779e-02, 1.3893231749534607e-02,
       -4.8484448343515396e-03 ], [ 2.5505572557449341e-02,
       2.3486584424972534e-02, -2.3342793807387352e-02 ], [
       3.5068001598119736e-02, 4.6427468769252300e-03,
       -2.9464045539498329e-02 ], [ 2.8002120554447174e-02,
       -4.9506053328514099e-03, -1.0969696566462517e-02 ] ] }
   - { id:9, corners:[ [ -1.0999999940395355e-02, 1.0999999940395355e-02,
       0. ], [ 1.0999999940395355e-02, 1.0999999940395355e-02, 0. ], [
       1.0999999940395355e-02, -1.0999999940395355e-02, 0. ], [
       -1.0999999940395355e-02, -1.0999999940395355e-02, 0. ] ] }
   - { id:10, corners:[ [ -2.5592636317014694e-02,
       2.3192938417196274e-02, -2.3382116109132767e-02 ], [
       -1.8867056816816330e-02, 1.3561174273490906e-02,
       -4.7811539843678474e-03 ], [ -2.8194665908813477e-02,
       -5.3083347156643867e-03, -1.1179377324879169e-02 ], [
       -3.4920245409011841e-02, 4.3234280310571194e-03,
       -2.9780339449644089e-02 ] ] }
