%YAML:1.0
---
aruco_bc_dict: TAG16h5
aruco_bc_nmarkers: 11
aruco_bc_mInfoType: 1
aruco_bc_markers:
   - { id:0, corners:[ [ -1.1000005528330803e-02, 1.1000009253621101e-02,
       -4.8956275122691295e-07 ], [ 1.0999994352459908e-02,
       1.1000009253621101e-02, 1.1449753856140887e-06 ], [
       1.0999994352459908e-02, -1.0999990627169609e-02,
       4.8211217062998912e-07 ], [ -1.1000005528330803e-02,
       -1.0999990627169609e-02, -1.1524259662110126e-06 ] ] }
   - { id:1, corners:[ [ -1.1187807656824589e-02, 3.2103437930345535e-02,
       -2.8609095141291618e-02 ], [ 1.0811499319970608e-02,
       3.2276302576065063e-02, -2.8633350506424904e-02 ], [
       1.0905846022069454e-02, 2.3073352873325348e-02,
       -8.6509380489587784e-03 ], [ -1.1093460954725742e-02,
       2.2900488227605820e-02, -8.6266826838254929e-03 ] ] }
   - { id:2, corners:[ [ -3.4990552812814713e-02,
       -1.4230199158191681e-03, -2.7141071856021881e-02 ], [
       -2.8374455869197845e-02, 1.9539920613169670e-02,
       -2.8025597333908081e-02 ], [ -1.8795341253280640e-02,
       1.7347194254398346e-02, -8.3422912284731865e-03 ], [
       -2.5411438196897507e-02, -3.6157462745904922e-03,
       -7.4577676132321358e-03 ] ] }
   - { id:3, corners:[ [ -1.0977644473314285e-02,
       -3.4533590078353882e-02, -2.6287518441677094e-02 ], [
       -2.8846159577369690e-02, -2.1706148982048035e-02,
       -2.6703346520662308e-02 ], [ -2.2974595427513123e-02,
       -1.2901867739856243e-02, -7.4158040806651115e-03 ], [
       -5.1060803234577179e-03, -2.5729309767484665e-02,
       -6.9999760016798973e-03 ] ] }
   - { id:4, corners:[ [ 2.8402293100953102e-02, -2.1302033215761185e-02,
       -2.6728723198175430e-02 ], [ 1.0767841711640358e-02,
       -3.4443452954292297e-02, -2.6155021041631699e-02 ], [
       4.8753786832094193e-03, -2.5693546980619431e-02,
       -6.8491166457533836e-03 ], [ 2.2509830072522163e-02,
       -1.2552126310765743e-02, -7.4228188022971153e-03 ] ] }
   - { id:5, corners:[ [ 2.8180072084069252e-02, 1.9455967471003532e-02,
       -2.8480822220444679e-02 ], [ 3.5132519900798798e-02,
       -1.3986434787511826e-03, -2.7615560218691826e-02 ], [
       2.5804175063967705e-02, -3.6873035132884979e-03,
       -7.8230369836091995e-03 ], [ 1.8851727247238159e-02,
       1.7167307436466217e-02, -8.6882989853620529e-03 ] ] }
   - { id:6, corners:[ [ 1.0757206939160824e-02, -2.5385104119777679e-02,
       -5.4979290813207626e-02 ], [ -1.1242213658988476e-02,
       -2.5497153401374817e-02, -5.4865483194589615e-02 ], [
       -1.1092259548604488e-02, -3.4593980759382248e-02,
       -3.4834872931241989e-02 ], [ 1.0907161049544811e-02,
       -3.4481931477785110e-02, -3.4948680549860001e-02 ] ] }
   - { id:7, corners:[ [ 2.5485303252935410e-02, 1.1794771999120712e-03,
       -5.5850796401500702e-02 ], [ 1.8696781247854233e-02,
       -1.9729424268007278e-02, -5.4994158446788788e-02 ], [
       2.8057314455509186e-02, -2.1957963705062866e-02,
       -3.5209968686103821e-02 ], [ 3.4845836460590363e-02,
       -1.0490622371435165e-03, -3.6066606640815735e-02 ] ] }
   - { id:8, corners:[ [ 4.2846500873565674e-03, 2.3000748828053474e-02,
       -5.6460350751876831e-02 ], [ 2.2241838276386261e-02,
       1.0294381529092789e-02, -5.6164398789405823e-02 ], [
       2.8166271746158600e-02, 1.9115725532174110e-02,
       -3.6900833249092102e-02 ], [ 1.0209083557128906e-02,
       3.1822092831134796e-02, -3.7196785211563110e-02 ] ] }
   - { id:9, corners:[ [ -2.2840639576315880e-02, 1.0263625532388687e-02,
       -5.5635698139667511e-02 ], [ -5.1379092037677765e-03,
       2.3313380777835846e-02, -5.6198898702859879e-02 ], [
       -1.0864114388823509e-02, 3.1919438391923904e-02,
       -3.6778643727302551e-02 ], [ -2.8566844761371613e-02,
       1.8869683146476746e-02, -3.6215443164110184e-02 ] ] }
   - { id:10, corners:[ [ -1.9002376124262810e-02,
       -1.9859906286001205e-02, -5.4663576185703278e-02 ], [
       -2.5882072746753693e-02, 1.0219924151897430e-03,
       -5.5448479950428009e-02 ], [ -3.5116076469421387e-02,
       -1.2746341526508331e-03, -3.5612687468528748e-02 ], [
       -2.8236377984285355e-02, -2.2156532853841782e-02,
       -3.4827783703804016e-02 ] ] }
