%YAML:1.0
---
aruco_bc_dict: TAG36h11
aruco_bc_nmarkers: 11
aruco_bc_mInfoType: 1
aruco_bc_markers:
   - { id:0, corners:[ [ 1.4758825302124023e-02, -3.1665023416280746e-02,
       -3.7987455725669861e-02 ], [ 7.5227343477308750e-03,
       -2.1577440202236176e-02, -5.8527167886495590e-02 ], [
       -1.5360340476036072e-02, -2.4708114564418793e-02,
       -5.2003070712089539e-02 ], [ -8.1242490559816360e-03,
       -3.4795697778463364e-02, -3.1463358551263809e-02 ] ] }
   - { id:1, corners:[ [ 3.5866260528564453e-02, -3.4189405851066113e-03,
       -3.1546849757432938e-02 ], [ 2.8454013168811798e-02,
       6.7262118682265282e-03, -5.1995184272527695e-02 ], [
       1.8135966733098030e-02, -1.3940526172518730e-02,
       -5.8508541435003281e-02 ], [ 2.5548215955495834e-02,
       -2.4085678160190582e-02, -3.8060206919908524e-02 ] ] }
   - { id:2, corners:[ [ 1.0055868886411190e-02, -1.8394418060779572e-02,
       -2.1229069679975510e-03 ], [ 2.9583111405372620e-02,
       -1.2116516940295696e-02, -1.4583839103579521e-02 ], [
       2.3353602737188339e-02, -2.7372688055038452e-02,
       -3.2032117247581482e-02 ], [ 3.8263620808720589e-03,
       -3.3650588244199753e-02, -1.9571186974644661e-02 ] ] }
   - { id:3, corners:[ [ -2.9592614620923996e-02,
       -1.1898889206349850e-02, -1.4505686238408089e-02 ], [
       -1.0252314619719982e-02, -1.8156569451093674e-02,
       -1.7466042190790176e-03 ], [ -3.7694154307246208e-03,
       -3.3446673303842545e-02, -1.9072445109486580e-02 ], [
       -2.3109715431928635e-02, -2.7188993990421295e-02,
       -3.1831525266170502e-02 ] ] }
   - { id:4, corners:[ [ -2.8465863317251205e-02, 6.6659888252615929e-03,
       -5.1974438130855560e-02 ], [ -3.5943772643804550e-02,
       -3.5359733738005161e-03, -3.1578339636325836e-02 ], [
       -2.5520719587802887e-02, -2.4156454950571060e-02,
       -3.8071088492870331e-02 ], [ -1.8042810261249542e-02,
       -1.3954494148492813e-02, -5.8467186987400055e-02 ] ] }
   - { id:5, corners:[ [ 1.1921778321266174e-02, 1.1795342899858952e-02,
       -6.2544099986553192e-02 ], [ -1.2078212574124336e-02,
       1.1799090541899204e-02, -6.2563233077526093e-02 ], [
       -1.2082112953066826e-02, -1.2200131081044674e-02,
       -6.2369953840970993e-02 ], [ 1.1917877942323685e-02,
       -1.2203878723084927e-02, -6.2350813299417496e-02 ] ] }
   - { id:6, corners:[ [ -2.5048336014151573e-02, 2.3882335051894188e-02,
       -2.4287238717079163e-02 ], [ -1.7678556963801384e-02,
       1.3740576803684235e-02, -3.8218759000301361e-03 ], [
       -2.7914447709918022e-02, -6.9499351084232330e-03,
       -1.0389164090156555e-02 ], [ -3.5284228622913361e-02,
       3.1918231397867203e-03, -3.0854526907205582e-02 ] ] }
   - { id:7, corners:[ [ -3.6866590380668640e-03, 3.2977595925331116e-02,
       -4.2676873505115509e-02 ], [ -2.3258237168192863e-02,
       2.6725625619292259e-02, -3.0272591859102249e-02 ], [
       -2.9431011527776718e-02, 1.1440731585025787e-02,
       -4.7715894877910614e-02 ], [ -9.8594333976507187e-03,
       1.7692701891064644e-02, -6.0120176523923874e-02 ] ] }
   - { id:8, corners:[ [ 2.2938316687941551e-02, 2.6737576350569725e-02,
       -3.0052669346332550e-02 ], [ 3.5565830767154694e-03,
       3.3155612647533417e-02, -4.2668420821428299e-02 ], [
       9.8828915506601334e-03, 1.7947958782315254e-02,
       -6.0124225914478302e-02 ], [ 2.9264625161886215e-02,
       1.1529922485351562e-02, -4.7508474439382553e-02 ] ] }
   - { id:9, corners:[ [ 1.7865413799881935e-02, 1.3703329488635063e-02,
       -3.7921983748674393e-03 ], [ 2.5420613586902618e-02,
       2.3782113566994667e-02, -2.4221029132604599e-02 ], [
       3.5717457532882690e-02, 3.0723176896572113e-03,
       -3.0630344524979591e-02 ], [ 2.8162259608507156e-02,
       -7.0064663887023926e-03, -1.0201513767242432e-02 ] ] }
   - { id:10, corners:[ [ -1.2000000104308128e-02,
       1.2000000104308128e-02, 0. ], [ 1.2000000104308128e-02,
       1.2000000104308128e-02, 0. ], [ 1.2000000104308128e-02,
       -1.2000000104308128e-02, 0. ], [ -1.2000000104308128e-02,
       -1.2000000104308128e-02, 0. ] ] }
