%YAML:1.0
---
aruco_bc_dict: TAG36h11
aruco_bc_nmarkers: 11
aruco_bc_mInfoType: 1
aruco_bc_markers:
   - { id:0, corners:[ [ 7.5694820843636990e-03, -2.1285874769091606e-02,
       -3.9991354569792747e-03 ], [ 1.5096584334969521e-02,
       -3.1214760616421700e-02, -2.4511571973562241e-02 ], [
       -7.6924846507608891e-03, -3.4526363015174866e-02,
       -3.1271133571863174e-02 ], [ -1.5219585970044136e-02,
       -2.4597475305199623e-02, -1.0758698917925358e-02 ] ] }
   - { id:1, corners:[ [ 2.7969228103756905e-02, 6.7380359396338463e-03,
       -1.0313434526324272e-02 ], [ 3.5504747182130814e-02,
       -3.4051360562443733e-03, -3.0717650428414345e-02 ], [
       2.5338357314467430e-02, -2.4135176092386246e-02,
       -2.4167077615857124e-02 ], [ 1.7802838236093521e-02,
       -1.3992003165185452e-02, -3.7628617137670517e-03 ] ] }
   - { id:2, corners:[ [ -1.2000000104308128e-02, 1.2000000104308128e-02,
       0. ], [ 1.2000000104308128e-02, 1.2000000104308128e-02, 0. ], [
       1.2000000104308128e-02, -1.2000000104308128e-02, 0. ], [
       -1.2000000104308128e-02, -1.2000000104308128e-02, 0. ] ] }
   - { id:3, corners:[ [ -3.4929424524307251e-02,
       -3.4150970168411732e-03, -3.1084336340427399e-02 ], [
       -2.7608286589384079e-02, 6.8013863638043404e-03,
       -1.0638690553605556e-02 ], [ -1.7526825889945030e-02,
       -1.3909673318266869e-02, -3.8995323702692986e-03 ], [
       -2.4847961962223053e-02, -2.4126157164573669e-02,
       -2.4345178157091141e-02 ] ] }
   - { id:4, corners:[ [ -9.2045878991484642e-03,
       -1.8123377114534378e-02, -6.0455650091171265e-02 ], [
       -2.8656329959630966e-02, -1.1760596185922623e-02,
       -4.7919914126396179e-02 ], [ -2.2470682859420776e-02,
       -2.7104809880256653e-02, -3.0533343553543091e-02 ], [
       -3.0189407989382744e-03, -3.3467590808868408e-02,
       -4.3069079518318176e-02 ] ] }
   - { id:5, corners:[ [ 2.9644491150975227e-02, -1.1681701987981796e-02,
       -4.7741856426000595e-02 ], [ 1.0246122255921364e-02,
       -1.8158324062824249e-02, -6.0301981866359711e-02 ], [
       4.0030311793088913e-03, -3.3367302268743515e-02,
       -4.2817395180463791e-02 ], [ 2.3401400074362755e-02,
       -2.6890680193901062e-02, -3.0257271602749825e-02 ] ] }
   - { id:6, corners:[ [ -1.7393279820680618e-02, 1.3967305421829224e-02,
       -5.8897368609905243e-02 ], [ -2.4822156876325607e-02,
       2.4047208949923515e-02, -3.8422815501689911e-02 ], [
       -3.5091277211904526e-02, 3.3417604863643646e-03,
       -3.1955234706401825e-02 ], [ -2.7662400156259537e-02,
       -6.7381430417299271e-03, -5.2429787814617157e-02 ] ] }
   - { id:7, corners:[ [ 1.2485556304454803e-02, 1.1932978406548500e-02,
       -6.2650777399539948e-02 ], [ -1.1514320969581604e-02,
       1.1968204751610756e-02, -6.2718845903873444e-02 ], [
       -1.1549293994903564e-02, -1.2031603604555130e-02,
       -6.2808178365230560e-02 ], [ 1.2450583279132843e-02,
       -1.2066829949617386e-02, -6.2740109860897064e-02 ] ] }
   - { id:8, corners:[ [ 2.5589777156710625e-02, 2.4055764079093933e-02,
       -3.8400944322347641e-02 ], [ 1.8173672258853912e-02,
       1.3847883790731430e-02, -5.8816637843847275e-02 ], [
       2.8402427211403847e-02, -6.8285241723060608e-03,
       -5.2194047719240189e-02 ], [ 3.5818532109260559e-02,
       3.3793556503951550e-03, -3.1778354197740555e-02 ] ] }
   - { id:9, corners:[ [ 4.2018312960863113e-03, 3.3594876527786255e-02,
       -1.9421728327870369e-02 ], [ 2.3560989648103714e-02,
       2.7137473225593567e-02, -3.2052047550678253e-02 ], [
       2.9779804870486259e-02, 1.1794758960604668e-02,
       -1.4675984159111977e-02 ], [ 1.0420646518468857e-02,
       1.8252164125442505e-02, -2.0456667989492416e-03 ] ] }
   - { id:10, corners:[ [ -2.2466247901320457e-02,
       2.7356265112757683e-02, -3.2302498817443848e-02 ], [
       -3.1152628362178802e-03, 3.3604625612497330e-02,
       -1.9555054605007172e-02 ], [ -9.5974560827016830e-03,
       1.8320886418223381e-02, -2.2233352065086365e-03 ], [
       -2.8948441147804260e-02, 1.2072525918483734e-02,
       -1.4970779418945312e-02 ] ] }
